0.010663
0.002103
0.000789
0.001937
0.021631
0.000102
0.003677
0.008613
0.002177
0.00046
0.001953
4.6e-05
0.002091
0.000103
0.00195
0.003046
0.004647
0.004836
0.002356
4.5e-05
2.1e-05
0.002986
0.002474
4.5e-05
0.000165
3.2e-05
0.001144
0.000579
0.01306
0.000996
0.000589
0.000764
0.003437
0.002051
0.000164
0.009366
0.002337
0.001909
1.1e-05
0.005522
4.6e-05
0.000341
0.000556
0.002807
0.003713
0.001341
0.000567
0.000328
0.001879
4.6e-05
0.003038
0.000375
0.001023
0.001705
0.000812
0.000926
0.000115
0.000284
0.00034
0.001634
0.00053
0.015126
0.000983
0.000112
0.000774
0.001174
0.004894
0.001694
2.3e-05
0.002209
3.3e-05
0.002208
0.001289
0.000554
0.000606
0.000773
3.7e-05
0.001827
4.3e-05
6.4e-05
0.001132
0.000112
2.6e-05
0.000337
0.087668
0.000188
0.001423
2.8e-05
6.4e-05
0.000297
4.2e-05
0.000199
9.2e-05
3.5e-05
0.000331
0.003935
8.4e-05
4.5e-05
0.004076
0.000492
