10313  0.010663
3247  0.002103
1381  0.000789
3246  0.001937
18127  0.021631
176  0.000102
5697  0.003677
8887  0.008613
3619  0.002177
810  0.00046
3186  0.001953
71  4.6e-05
3370  0.002091
182  0.000103
3202  0.00195
5067  0.003046
6832  0.004647
6431  0.004836
3026  0.002356
70  4.5e-05
25  2.1e-05
4877  0.002986
4066  0.002474
75  4.5e-05
254  0.000165
33  3.2e-05
1956  0.001144
1063  0.000579
15572  0.01306
1649  0.000996
982  0.000589
1267  0.000764
4007  0.003437
3421  0.002051
283  0.000164
11605  0.009366
3971  0.002337
3158  0.001909
16  1.1e-05
7875  0.005522
62  4.6e-05
541  0.000341
989  0.000556
2742  0.002807
5565  0.003713
2383  0.001341
1030  0.000567
562  0.000328
3124  0.001879
59  4.6e-05
5052  0.003038
652  0.000375
1748  0.001023
2726  0.001705
1403  0.000812
1587  0.000926
201  0.000115
513  0.000284
616  0.00034
2658  0.001634
969  0.00053
14069  0.015126
1656  0.000983
200  0.000112
1269  0.000774
1944  0.001174
7669  0.004894
2722  0.001694
37  2.3e-05
3751  0.002209
56  3.3e-05
3712  0.002208
1448  0.001289
926  0.000554
1055  0.000606
1279  0.000773
60  3.7e-05
2845  0.001827
70  4.3e-05
90  6.4e-05
1383  0.001132
199  0.000112
33  2.6e-05
556  0.000337
55314  0.087668
318  0.000188
2366  0.001423
48  2.8e-05
92  6.4e-05
530  0.000297
70  4.2e-05
330  0.000199
143  9.2e-05
43  3.5e-05
407  0.000331
4796  0.003935
132  8.4e-05
53  4.5e-05
5247  0.004076
886  0.000492
