0.004679 4100 0 0 0 34 0  0 0 0
0.000149 183 0 0 0 28 0  0 0 0
0.000631 832 0 0 0 26 0  0 0 0
0.001027 1262 0 0 0 28 0  0 0 0
0.006371 6482 0 0 0 34 0  0 0 0
9.9e-05 102 0 0 0 22 0  0 0 0
0.00122 1367 0 0 0 32 0  0 0 0
0.001364 1464 0 0 0 28 0  0 0 0
0.000385 465 0 0 0 34 0  0 0 0
0.000478 527 0 0 0 24 0  0 0 0
0.001544 1470 0 0 0 30 0  0 0 0
8.6e-05 71 0 0 0 26 0  0 0 0
0.001403 1431 0 0 0 30 0  0 0 0
0.000118 146 0 0 0 28 0  0 0 0
0.001472 1801 0 0 0 30 0  0 0 0
0.001225 1578 0 0 0 30 0  0 0 0
0.002332 2468 0 0 0 30 0  0 0 0
0.00262 3099 0 0 0 32 0  0 0 0
0.000773 906 0 0 0 30 0  0 0 0
4.1e-05 44 0 0 0 30 0  0 0 0
3e-05 25 0 0 0 24 0  0 0 0
0.000341 445 0 0 0 32 0  0 0 0
0.000658 859 0 0 0 28 0  0 0 0
2.9e-05 32 0 0 0 24 0  0 0 0
7.9e-05 87 0 0 0 26 0  0 0 0
3.6e-05 32 0 0 0 16 0  0 0 0
0.000598 633 0 0 0 26 0  0 0 0
0.00036 493 0 0 0 28 0  0 0 0
0.00353 4130 0 0 0 32 0  0 0 0
0.000816 1069 0 0 0 28 0  0 0 0
0.000304 392 0 0 0 32 0  0 0 0
0.000257 328 0 0 0 30 0  0 0 0
0.001008 1250 0 0 0 30 0  0 0 0
0.000676 913 0 0 0 30 0  0 0 0
0.00016 205 0 0 0 24 0  0 0 0
0.005579 5698 0 0 0 32 0  0 0 0
0.000546 754 0 0 0 34 0  0 0 0
0.000996 1227 0 0 0 28 0  0 0 0
1.5e-05 16 0 0 0 16 0  0 0 0
0.003473 3474 0 0 0 32 0  0 0 0
3e-05 34 0 0 0 20 0  0 0 0
0.000181 215 0 0 0 20 0  0 0 0
0.000415 569 0 0 0 30 0  0 0 0
0.000518 671 0 0 0 30 0  0 0 0
0.001842 2276 0 0 0 32 0  0 0 0
0.000314 437 0 0 0 32 0  0 0 0
0.000492 598 0 0 0 26 0  0 0 0
0.000199 258 0 0 0 24 0  0 0 0
0.000118 148 0 0 0 34 0  0 0 0
5.3e-05 52 0 0 0 18 0  0 0 0
0.000421 567 0 0 0 30 0  0 0 0
0.000214 264 0 0 0 26 0  0 0 0
0.000609 789 0 0 0 30 0  0 0 0
0.000977 1169 0 0 0 28 0  0 0 0
0.000452 586 0 0 0 32 0  0 0 0
0.000241 311 0 0 0 26 0  0 0 0
4.5e-05 43 0 0 0 24 0  0 0 0
0.000154 190 0 0 0 20 0  0 0 0
6.9e-05 74 0 0 0 28 0  0 0 0
0.00103 1262 0 0 0 32 0  0 0 0
0.000339 460 0 0 0 28 0  0 0 0
0.010288 9261 0 0 0 30 0  0 0 0
0.000489 612 0 0 0 24 0  0 0 0
0.000162 206 0 0 0 24 0  0 0 0
0.00081 1015 0 0 0 28 0  0 0 0
0.000823 1055 0 0 0 24 0  0 0 0
0.002554 3021 0 0 0 30 0  0 0 0
0.001152 1396 0 0 0 28 0  0 0 0
4.8e-05 37 0 0 0 18 0  0 0 0
0.001678 1466 0 0 0 30 0  0 0 0
