4100  0.004679
183  0.000149
832  0.000631
1262  0.001027
6482  0.006371
102  9.9e-05
1367  0.00122
1464  0.001364
465  0.000385
527  0.000478
1470  0.001544
71  8.6e-05
1431  0.001403
146  0.000118
1801  0.001472
1578  0.001225
2468  0.002332
3099  0.00262
906  0.000773
44  4.1e-05
25  3e-05
445  0.000341
859  0.000658
32  2.9e-05
87  7.9e-05
32  3.6e-05
633  0.000598
493  0.00036
4130  0.00353
1069  0.000816
392  0.000304
328  0.000257
1250  0.001008
913  0.000676
205  0.00016
5698  0.005579
754  0.000546
1227  0.000996
16  1.5e-05
3474  0.003473
34  3e-05
215  0.000181
569  0.000415
671  0.000518
2276  0.001842
437  0.000314
598  0.000492
258  0.000199
148  0.000118
52  5.3e-05
567  0.000421
264  0.000214
789  0.000609
1169  0.000977
586  0.000452
311  0.000241
43  4.5e-05
190  0.000154
74  6.9e-05
1262  0.00103
460  0.000339
9261  0.010288
612  0.000489
206  0.000162
1015  0.00081
1055  0.000823
3021  0.002554
1396  0.001152
37  4.8e-05
1466  0.001678
