0.004549 4100 0 0 0 34 0  0 0 0 0 0
0.000142 183 0 0 0 28 0  0 0 0 0 0
0.000636 832 0 0 0 26 0  0 0 0 0 0
0.00103 1262 0 0 0 28 0  0 0 0 0 0
0.006652 6482 0 0 0 34 0  0 0 0 0 0
8.3e-05 102 0 0 0 22 0  0 0 0 0 0
0.001052 1367 0 0 0 32 0  0 0 0 0 0
0.001182 1464 0 0 0 28 0  0 0 0 0 0
0.000342 465 0 0 0 34 0  0 0 0 0 0
0.000411 527 0 0 0 24 0  0 0 0 0 0
0.001177 1470 0 0 0 30 0  0 0 0 0 0
5.7e-05 71 0 0 0 26 0  0 0 0 0 0
0.001195 1431 0 0 0 30 0  0 0 0 0 0
0.000118 146 0 0 0 28 0  0 0 0 0 0
0.001477 1801 0 0 0 30 0  0 0 0 0 0
0.001224 1578 0 0 0 30 0  0 0 0 0 0
0.002634 2468 0 0 0 30 0  0 0 0 0 0
0.002619 3099 0 0 0 32 0  0 0 0 0 0
0.00071 906 0 0 0 30 0  0 0 0 0 0
3.8e-05 44 0 0 0 30 0  0 0 0 0 0
2.2e-05 25 0 0 0 24 0  0 0 0 0 0
0.000336 445 0 0 0 32 0  0 0 0 0 0
0.000669 859 0 0 0 28 0  0 0 0 0 0
2.9e-05 32 0 0 0 24 0  0 0 0 0 0
6.7e-05 87 0 0 0 26 0  0 0 0 0 0
2.7e-05 32 0 0 0 16 0  0 0 0 0 0
0.000513 633 0 0 0 26 0  0 0 0 0 0
0.000358 493 0 0 0 28 0  0 0 0 0 0
0.003518 4130 0 0 0 32 0  0 0 0 0 0
0.000829 1069 0 0 0 28 0  0 0 0 0 0
0.000307 392 0 0 0 32 0  0 0 0 0 0
0.00025 328 0 0 0 30 0  0 0 0 0 0
0.001002 1250 0 0 0 30 0  0 0 0 0 0
0.000675 913 0 0 0 30 0  0 0 0 0 0
0.000159 205 0 0 0 24 0  0 0 0 0 0
0.005437 5698 0 0 0 32 0  0 0 0 0 0
0.000545 754 0 0 0 34 0  0 0 0 0 0
0.000991 1227 0 0 0 28 0  0 0 0 0 0
1.5e-05 16 0 0 0 16 0  0 0 0 0 0
0.002825 3474 0 0 0 32 0  0 0 0 0 0
2.9e-05 34 0 0 0 20 0  0 0 0 0 0
0.00017 215 0 0 0 20 0  0 0 0 0 0
0.000418 569 0 0 0 30 0  0 0 0 0 0
0.000521 671 0 0 0 30 0  0 0 0 0 0
0.001874 2276 0 0 0 32 0  0 0 0 0 0
0.000313 437 0 0 0 32 0  0 0 0 0 0
0.000472 598 0 0 0 26 0  0 0 0 0 0
0.000195 258 0 0 0 24 0  0 0 0 0 0
0.000119 148 0 0 0 34 0  0 0 0 0 0
4.2e-05 52 0 0 0 18 0  0 0 0 0 0
0.000418 567 0 0 0 30 0  0 0 0 0 0
0.000223 264 0 0 0 26 0  0 0 0 0 0
0.000611 789 0 0 0 30 0  0 0 0 0 0
0.000976 1169 0 0 0 28 0  0 0 0 0 0
0.000454 586 0 0 0 32 0  0 0 0 0 0
0.000241 311 0 0 0 26 0  0 0 0 0 0
3.7e-05 43 0 0 0 24 0  0 0 0 0 0
0.000142 190 0 0 0 20 0  0 0 0 0 0
5.8e-05 74 0 0 0 28 0  0 0 0 0 0
0.001013 1262 0 0 0 32 0  0 0 0 0 0
0.000341 460 0 0 0 28 0  0 0 0 0 0
0.010363 9261 0 0 0 30 0  0 0 0 0 0
0.000503 612 0 0 0 24 0  0 0 0 0 0
0.000158 206 0 0 0 24 0  0 0 0 0 0
0.000772 1015 0 0 0 28 0  0 0 0 0 0
0.00083 1055 0 0 0 24 0  0 0 0 0 0
0.00253 3021 0 0 0 30 0  0 0 0 0 0
0.001155 1396 0 0 0 28 0  0 0 0 0 0
3.2e-05 37 0 0 0 18 0  0 0 0 0 0
0.001146 1466 0 0 0 30 0  0 0 0 0 0
4.3e-05 51 0 0 0 21 0  0 0 0 0 0
0.000216 299 0 0 0 33 0  0 0 0 0 0
0.0004 512 0 0 0 25 0  0 0 0 0 0
0.00035 455 0 0 0 23 0  0 0 0 0 0
0.000212 259 0 0 0 21 0  0 0 0 0 0
0.000573 736 0 0 0 27 0  0 0 0 0 0
2.2e-05 24 0 0 0 23 0  0 0 0 0 0
0.001461 1771 0 0 0 29 0  0 0 0 0 0
4.4e-05 53 0 0 0 21 0  0 0 0 0 0
5.9e-05 68 0 0 0 19 0  0 0 0 0 0
0.000636 794 0 0 0 27 0  0 0 0 0 0
6.9e-05 85 0 0 0 21 0  0 0 0 0 0
2.6e-05 29 0 0 0 21 0  0 0 0 0 0
5e-05 61 0 0 0 27 0  0 0 0 0 0
0.041009 24647 0 0 0 31 0  0 0 0 0 0
0.00017 214 0 0 0 23 0  0 0 0 0 0
0.000631 801 0 0 0 27 0  0 0 0 0 0
3.8e-05 48 0 0 0 19 0  0 0 0 0 0
5.9e-05 72 0 0 0 19 0  0 0 0 0 0
0.00019 240 0 0 0 23 0  0 0 0 0 0
5.7e-05 70 0 0 0 23 0  0 0 0 0 0
0.00015 188 0 0 0 21 0  0 0 0 0 0
9.9e-05 126 0 0 0 21 0  0 0 0 0 0
2.7e-05 31 0 0 0 23 0  0 0 0 0 0
0.000249 319 0 0 0 23 0  0 0 0 0 0
0.001484 1812 0 0 0 25 0  0 0 0 0 0
7.2e-05 86 0 0 0 21 0  0 0 0 0 0
4e-05 45 0 0 0 17 0  0 0 0 0 0
0.001001 1260 0 0 0 29 0  0 0 0 0 0
0.000336 438 0 0 0 23 0  0 0 0 0 0
