10313  0.010794
3247  0.001951
1381  0.000777
3246  0.001988
18127  0.021094
176  0.000103
5697  0.003636
8887  0.00833
3619  0.002162
810  0.000451
3186  0.001902
71  4.1e-05
3370  0.001996
182  0.000101
3202  0.001904
5067  0.002976
6832  0.004606
6431  0.004388
3026  0.0019
70  4.2e-05
25  1.6e-05
4877  0.003012
4066  0.003548
75  4.5e-05
254  0.000133
33  2e-05
1956  0.001139
1063  0.000569
15572  0.013537
1649  0.000991
982  0.00061
1267  0.000754
4007  0.002743
3421  0.002027
283  0.00016
11605  0.01016
3971  0.002401
3158  0.001882
16  1e-05
7875  0.004984
62  3.5e-05
541  0.000352
989  0.000555
2742  0.001726
5565  0.003936
2383  0.001331
1030  0.000557
562  0.000329
3124  0.002188
59  4.3e-05
5052  0.003381
652  0.00037
1748  0.00101
2726  0.001677
1403  0.000799
1587  0.000903
201  0.000112
513  0.000267
616  0.000334
2658  0.001618
969  0.000524
14069  0.014225
1656  0.00098
200  0.000109
1269  0.000753
1944  0.001132
7669  0.004938
2722  0.001674
37  2.2e-05
3751  0.002174
