4100  0.004549
183  0.000142
832  0.000636
1262  0.00103
6482  0.006652
102  8.3e-05
1367  0.001052
1464  0.001182
465  0.000342
527  0.000411
1470  0.001177
71  5.7e-05
1431  0.001195
146  0.000118
1801  0.001477
1578  0.001224
2468  0.002634
3099  0.002619
906  0.00071
44  3.8e-05
25  2.2e-05
445  0.000336
859  0.000669
32  2.9e-05
87  6.7e-05
32  2.7e-05
633  0.000513
493  0.000358
4130  0.003518
1069  0.000829
392  0.000307
328  0.00025
1250  0.001002
913  0.000675
205  0.000159
5698  0.005437
754  0.000545
1227  0.000991
16  1.5e-05
3474  0.002825
34  2.9e-05
215  0.00017
569  0.000418
671  0.000521
2276  0.001874
437  0.000313
598  0.000472
258  0.000195
148  0.000119
52  4.2e-05
567  0.000418
264  0.000223
789  0.000611
1169  0.000976
586  0.000454
311  0.000241
43  3.7e-05
190  0.000142
74  5.8e-05
1262  0.001013
460  0.000341
9261  0.010363
612  0.000503
206  0.000158
1015  0.000772
1055  0.00083
3021  0.00253
1396  0.001155
37  3.2e-05
1466  0.001146
51  4.3e-05
299  0.000216
512  0.0004
455  0.00035
259  0.000212
736  0.000573
24  2.2e-05
1771  0.001461
53  4.4e-05
68  5.9e-05
794  0.000636
85  6.9e-05
29  2.6e-05
61  5e-05
24647  0.041009
214  0.00017
801  0.000631
48  3.8e-05
72  5.9e-05
240  0.00019
70  5.7e-05
188  0.00015
126  9.9e-05
31  2.7e-05
319  0.000249
1812  0.001484
86  7.2e-05
45  4e-05
1260  0.001001
438  0.000336
