0.010663 10313 0 0 0 34 0  0 0 0 0 0
0.002103 3247 0 0 0 28 0  0 0 0 0 0
0.000789 1381 0 0 0 26 0  0 0 0 0 0
0.001937 3246 0 0 0 28 0  0 0 0 0 0
0.021631 18127 0 0 0 34 0  0 0 0 0 0
0.000102 176 0 0 0 22 0  0 0 0 0 0
0.003677 5697 0 0 0 32 0  0 0 0 0 0
0.008613 8887 0 0 0 28 0  0 0 0 0 0
0.002177 3619 0 0 0 34 0  0 0 0 0 0
0.00046 810 0 0 0 24 0  0 0 0 0 0
0.001953 3186 0 0 0 30 0  0 0 0 0 0
4.6e-05 71 0 0 0 26 0  0 0 0 0 0
0.002091 3370 0 0 0 30 0  0 0 0 0 0
0.000103 182 0 0 0 28 0  0 0 0 0 0
0.00195 3202 0 0 0 30 0  0 0 0 0 0
0.003046 5067 0 0 0 30 0  0 0 0 0 0
0.004647 6832 0 0 0 30 0  0 0 0 0 0
0.004836 6431 0 0 0 32 0  0 0 0 0 0
0.002356 3026 0 0 0 30 0  0 0 0 0 0
4.5e-05 70 0 0 0 30 0  0 0 0 0 0
2.1e-05 25 0 0 0 24 0  0 0 0 0 0
0.002986 4877 0 0 0 32 0  0 0 0 0 0
0.002474 4066 0 0 0 28 0  0 0 0 0 0
4.5e-05 75 0 0 0 24 0  0 0 0 0 0
0.000165 254 0 0 0 26 0  0 0 0 0 0
3.2e-05 33 0 0 0 16 0  0 0 0 0 0
0.001144 1956 0 0 0 26 0  0 0 0 0 0
0.000579 1063 0 0 0 28 0  0 0 0 0 0
0.01306 15572 0 0 0 32 0  0 0 0 0 0
0.000996 1649 0 0 0 28 0  0 0 0 0 0
0.000589 982 0 0 0 32 0  0 0 0 0 0
0.000764 1267 0 0 0 30 0  0 0 0 0 0
0.003437 4007 0 0 0 30 0  0 0 0 0 0
0.002051 3421 0 0 0 30 0  0 0 0 0 0
0.000164 283 0 0 0 24 0  0 0 0 0 0
0.009366 11605 0 0 0 32 0  0 0 0 0 0
0.002337 3971 0 0 0 34 0  0 0 0 0 0
0.001909 3158 0 0 0 28 0  0 0 0 0 0
1.1e-05 16 0 0 0 16 0  0 0 0 0 0
0.005522 7875 0 0 0 32 0  0 0 0 0 0
4.6e-05 62 0 0 0 20 0  0 0 0 0 0
0.000341 541 0 0 0 20 0  0 0 0 0 0
0.000556 989 0 0 0 30 0  0 0 0 0 0
0.002807 2742 0 0 0 30 0  0 0 0 0 0
0.003713 5565 0 0 0 32 0  0 0 0 0 0
0.001341 2383 0 0 0 32 0  0 0 0 0 0
0.000567 1030 0 0 0 26 0  0 0 0 0 0
0.000328 562 0 0 0 24 0  0 0 0 0 0
0.001879 3124 0 0 0 34 0  0 0 0 0 0
4.6e-05 59 0 0 0 18 0  0 0 0 0 0
0.003038 5052 0 0 0 30 0  0 0 0 0 0
0.000375 652 0 0 0 26 0  0 0 0 0 0
0.001023 1748 0 0 0 30 0  0 0 0 0 0
0.001705 2726 0 0 0 28 0  0 0 0 0 0
0.000812 1403 0 0 0 32 0  0 0 0 0 0
0.000926 1587 0 0 0 26 0  0 0 0 0 0
0.000115 201 0 0 0 24 0  0 0 0 0 0
0.000284 513 0 0 0 20 0  0 0 0 0 0
0.00034 616 0 0 0 28 0  0 0 0 0 0
0.001634 2658 0 0 0 32 0  0 0 0 0 0
0.00053 969 0 0 0 28 0  0 0 0 0 0
0.015126 14069 0 0 0 30 0  0 0 0 0 0
0.000983 1656 0 0 0 24 0  0 0 0 0 0
0.000112 200 0 0 0 24 0  0 0 0 0 0
0.000774 1269 0 0 0 28 0  0 0 0 0 0
0.001174 1944 0 0 0 24 0  0 0 0 0 0
0.004894 7669 0 0 0 30 0  0 0 0 0 0
0.001694 2722 0 0 0 28 0  0 0 0 0 0
2.3e-05 37 0 0 0 18 0  0 0 0 0 0
0.002209 3751 0 0 0 30 0  0 0 0 0 0
3.3e-05 56 0 0 0 21 0  0 0 0 0 0
0.002208 3712 0 0 0 33 0  0 0 0 0 0
0.001289 1448 0 0 0 25 0  0 0 0 0 0
0.000554 926 0 0 0 23 0  0 0 0 0 0
0.000606 1055 0 0 0 21 0  0 0 0 0 0
0.000773 1279 0 0 0 27 0  0 0 0 0 0
3.7e-05 60 0 0 0 23 0  0 0 0 0 0
0.001827 2845 0 0 0 29 0  0 0 0 0 0
4.3e-05 70 0 0 0 21 0  0 0 0 0 0
6.4e-05 90 0 0 0 19 0  0 0 0 0 0
0.001132 1383 0 0 0 27 0  0 0 0 0 0
0.000112 199 0 0 0 21 0  0 0 0 0 0
2.6e-05 33 0 0 0 21 0  0 0 0 0 0
0.000337 556 0 0 0 27 0  0 0 0 0 0
0.087668 55314 0 0 0 31 0  0 0 0 0 0
0.000188 318 0 0 0 23 0  0 0 0 0 0
0.001423 2366 0 0 0 27 0  0 0 0 0 0
2.8e-05 48 0 0 0 19 0  0 0 0 0 0
6.4e-05 92 0 0 0 19 0  0 0 0 0 0
0.000297 530 0 0 0 23 0  0 0 0 0 0
4.2e-05 70 0 0 0 23 0  0 0 0 0 0
0.000199 330 0 0 0 21 0  0 0 0 0 0
9.2e-05 143 0 0 0 21 0  0 0 0 0 0
3.5e-05 43 0 0 0 23 0  0 0 0 0 0
0.000331 407 0 0 0 23 0  0 0 0 0 0
0.003935 4796 0 0 0 25 0  0 0 0 0 0
8.4e-05 132 0 0 0 21 0  0 0 0 0 0
4.5e-05 53 0 0 0 17 0  0 0 0 0 0
0.004076 5247 0 0 0 29 0  0 0 0 0 0
0.000492 886 0 0 0 23 0  0 0 0 0 0
