0.004549
0.000142
0.000636
0.00103
0.006652
8.3e-05
0.001052
0.001182
0.000342
0.000411
0.001177
5.7e-05
0.001195
0.000118
0.001477
0.001224
0.002634
0.002619
0.00071
3.8e-05
2.2e-05
0.000336
0.000669
2.9e-05
6.7e-05
2.7e-05
0.000513
0.000358
0.003518
0.000829
0.000307
0.00025
0.001002
0.000675
0.000159
0.005437
0.000545
0.000991
1.5e-05
0.002825
2.9e-05
0.00017
0.000418
0.000521
0.001874
0.000313
0.000472
0.000195
0.000119
4.2e-05
0.000418
0.000223
0.000611
0.000976
0.000454
0.000241
3.7e-05
0.000142
5.8e-05
0.001013
0.000341
0.010363
0.000503
0.000158
0.000772
0.00083
0.00253
0.001155
3.2e-05
0.001146
4.3e-05
0.000216
0.0004
0.00035
0.000212
0.000573
2.2e-05
0.001461
4.4e-05
5.9e-05
0.000636
6.9e-05
2.6e-05
5e-05
0.041009
0.00017
0.000631
3.8e-05
5.9e-05
0.00019
5.7e-05
0.00015
9.9e-05
2.7e-05
0.000249
0.001484
7.2e-05
4e-05
0.001001
0.000336
