0.045235 10313 0 0 0 34 0  0 0 0
0.00212 3247 0 0 0 28 0  0 0 0
0.00078 1381 0 0 0 26 0  0 0 0
0.001941 3246 0 0 0 28 0  0 0 0
0.020121 18127 0 0 0 34 0  0 0 0
0.000104 176 0 0 0 22 0  0 0 0
0.003837 5697 0 0 0 32 0  0 0 0
0.006216 8887 0 0 0 28 0  0 0 0
0.002504 3619 0 0 0 34 0  0 0 0
0.000457 810 0 0 0 24 0  0 0 0
0.001881 3186 0 0 0 30 0  0 0 0
4.2e-05 71 0 0 0 26 0  0 0 0
0.002016 3370 0 0 0 30 0  0 0 0
0.00011 182 0 0 0 28 0  0 0 0
0.002087 3202 0 0 0 30 0  0 0 0
0.003523 5067 0 0 0 30 0  0 0 0
0.004362 6832 0 0 0 30 0  0 0 0
0.004107 6431 0 0 0 32 0  0 0 0
0.002012 3026 0 0 0 30 0  0 0 0
4.4e-05 70 0 0 0 30 0  0 0 0
1.7e-05 25 0 0 0 24 0  0 0 0
0.003087 4877 0 0 0 32 0  0 0 0
0.00244 4066 0 0 0 28 0  0 0 0
5.2e-05 75 0 0 0 24 0  0 0 0
0.000139 254 0 0 0 26 0  0 0 0
2.2e-05 33 0 0 0 16 0  0 0 0
0.001479 1956 0 0 0 26 0  0 0 0
0.001053 1063 0 0 0 28 0  0 0 0
0.018897 15572 0 0 0 32 0  0 0 0
0.000953 1649 0 0 0 28 0  0 0 0
0.000678 982 0 0 0 32 0  0 0 0
0.000761 1267 0 0 0 30 0  0 0 0
0.002812 4007 0 0 0 30 0  0 0 0
0.002592 3421 0 0 0 30 0  0 0 0
0.000313 283 0 0 0 24 0  0 0 0
0.010624 11605 0 0 0 32 0  0 0 0
0.002281 3971 0 0 0 34 0  0 0 0
0.001875 3158 0 0 0 28 0  0 0 0
1.6e-05 16 0 0 0 16 0  0 0 0
0.006364 7875 0 0 0 32 0  0 0 0
3.8e-05 62 0 0 0 20 0  0 0 0
0.000393 541 0 0 0 20 0  0 0 0
0.000662 989 0 0 0 30 0  0 0 0
0.001701 2742 0 0 0 30 0  0 0 0
0.007244 5565 0 0 0 32 0  0 0 0
0.002043 2383 0 0 0 32 0  0 0 0
0.00089 1030 0 0 0 26 0  0 0 0
0.000429 562 0 0 0 24 0  0 0 0
0.00269 3124 0 0 0 34 0  0 0 0
3.7e-05 59 0 0 0 18 0  0 0 0
0.003494 5052 0 0 0 30 0  0 0 0
0.000375 652 0 0 0 26 0  0 0 0
0.001032 1748 0 0 0 30 0  0 0 0
0.00169 2726 0 0 0 28 0  0 0 0
0.000803 1403 0 0 0 32 0  0 0 0
0.000906 1587 0 0 0 26 0  0 0 0
0.000115 201 0 0 0 24 0  0 0 0
0.000299 513 0 0 0 20 0  0 0 0
0.000342 616 0 0 0 28 0  0 0 0
0.001987 2658 0 0 0 32 0  0 0 0
0.000536 969 0 0 0 28 0  0 0 0
0.010821 14069 0 0 0 30 0  0 0 0
0.000989 1656 0 0 0 24 0  0 0 0
0.000111 200 0 0 0 24 0  0 0 0
0.000772 1269 0 0 0 28 0  0 0 0
0.001181 1944 0 0 0 24 0  0 0 0
0.004886 7669 0 0 0 30 0  0 0 0
0.001689 2722 0 0 0 28 0  0 0 0
3.1e-05 37 0 0 0 18 0  0 0 0
0.002686 3751 0 0 0 30 0  0 0 0
