0.011759
0.000345
0.001864
0.002697
0.007963
0.00025
0.003346
0.002119
0.001237
0.000558
0.003548
0.000113
0.002955
0.00042
0.004585
0.003852
0.00622
0.003856
0.002898
0.000115
7e-05
0.001033
0.001853
9.2e-05
0.000307
5.9e-05
0.001376
0.000601
0.004863
0.002526
0.001161
0.000898
0.002679
0.002655
0.0005
0.004379
0.002595
0.002099
2.4e-05
0.006819
7.2e-05
0.000563
0.001001
0.001368
0.003162
0.001726
0.001455
0.000431
0.000347
8.5e-05
0.000864
0.000683
0.002247
0.003607
0.001469
0.000949
0.000117
0.00016
0.000187
0.001488
0.001104
0.029067
0.001385
0.000231
0.001784
0.001792
0.006236
0.002116
7.6e-05
0.003547
0.000129
0.000618
0.001192
0.00059
0.000493
0.001904
4.1e-05
0.003771
6e-05
0.000187
0.001961
0.000224
7e-05
0.000167
0.048619
0.000448
0.000721
9.3e-05
0.000231
0.000301
9.5e-05
0.000341
0.000283
4.3e-05
0.000351
0.004698
0.000196
7.4e-05
0.002764
0.00027
