0.022375
0.003376
0.001953
0.003906
0.030634
0.000269
0.008305
0.007004
0.004403
0.000573
0.003792
8.5e-05
0.004007
0.000566
0.005055
0.008893
0.008285
0.006208
0.004226
0.000122
4.6e-05
0.008037
0.004105
0.00013
0.000309
4.4e-05
0.002056
0.000398
0.014171
0.002326
0.002783
0.002808
0.006629
0.00623
0.000417
0.005151
0.005061
0.002639
1.7e-05
0.00742
0.000122
0.000739
0.001433
0.003145
0.003862
0.003246
0.001629
0.000368
0.002378
9.7e-05
0.003222
0.000976
0.002158
0.004391
0.001935
0.002064
0.000216
0.000422
0.000599
0.00204
0.001448
0.021485
0.002641
0.000345
0.00162
0.002179
0.010622
0.004254
4.8e-05
0.005942
0.000188
0.005581
0.002047
0.000596
0.001
0.001555
4.4e-05
0.004611
0.000126
0.000196
0.001932
0.000328
4.7e-05
0.000657
0.072104
0.00046
0.001261
5.6e-05
0.000194
0.000307
7.1e-05
0.000306
0.000223
3.4e-05
0.000369
0.007392
0.000173
6.8e-05
0.007319
0.000364
