0.022375 6327 5930 0 0 34 0  0 0 0 0 0
0.003376 1399 1278 0 0 28 0  0 0 0 0 0
0.001953 1117 967 0 0 26 0  0 0 0 0 0
0.003906 1982 1899 0 0 28 0  0 0 0 0 0
0.030634 9472 8896 0 0 34 0  0 0 0 0 0
0.000269 146 134 0 0 22 0  0 0 0 0 0
0.008305 3688 3452 0 0 32 0  0 0 0 0 0
0.007004 2997 2809 0 0 28 0  0 0 0 0 0
0.004403 2062 1929 0 0 34 0  0 0 0 0 0
0.000573 305 293 0 0 24 0  0 0 0 0 0
0.003792 1996 1852 0 0 30 0  0 0 0 0 0
8.5e-05 46 51 0 0 26 0  0 0 0 0 0
0.004007 2066 1958 0 0 30 0  0 0 0 0 0
0.000566 296 305 0 0 28 0  0 0 0 0 0
0.005055 2444 2464 0 0 30 0  0 0 0 0 0
0.008893 3291 3192 0 0 30 0  0 0 0 0 0
0.008285 3850 3943 0 0 30 0  0 0 0 0 0
0.006208 2913 2863 0 0 32 0  0 0 0 0 0
0.004226 2086 2126 0 0 30 0  0 0 0 0 0
0.000122 66 63 0 0 30 0  0 0 0 0 0
4.6e-05 21 23 0 0 24 0  0 0 0 0 0
0.008037 3236 3015 0 0 32 0  0 0 0 0 0
0.004105 2134 1975 0 0 28 0  0 0 0 0 0
0.00013 69 64 0 0 24 0  0 0 0 0 0
0.000309 176 162 0 0 26 0  0 0 0 0 0
4.4e-05 20 17 0 0 16 0  0 0 0 0 0
0.002056 1098 1042 0 0 26 0  0 0 0 0 0
0.000398 238 200 0 0 28 0  0 0 0 0 0
0.014171 5289 5091 0 0 32 0  0 0 0 0 0
0.002326 1193 1156 0 0 28 0  0 0 0 0 0
0.002783 1352 1423 0 0 32 0  0 0 0 0 0
0.002808 1428 1443 0 0 30 0  0 0 0 0 0
0.006629 2799 2741 0 0 30 0  0 0 0 0 0
0.00623 2915 3014 0 0 30 0  0 0 0 0 0
0.000417 249 208 0 0 24 0  0 0 0 0 0
0.005151 2344 2218 0 0 32 0  0 0 0 0 0
0.005061 2566 2437 0 0 34 0  0 0 0 0 0
0.002639 1322 1278 0 0 28 0  0 0 0 0 0
1.7e-05 5 11 0 0 16 0  0 0 0 0 0
0.00742 3615 3329 0 0 32 0  0 0 0 0 0
0.000122 68 55 0 0 20 0  0 0 0 0 0
0.000739 406 370 0 0 20 0  0 0 0 0 0
0.001433 795 724 0 0 30 0  0 0 0 0 0
0.003145 1649 1541 0 0 30 0  0 0 0 0 0
0.003862 1866 1903 0 0 32 0  0 0 0 0 0
0.003246 1592 1559 0 0 32 0  0 0 0 0 0
0.001629 801 732 0 0 26 0  0 0 0 0 0
0.000368 216 185 0 0 24 0  0 0 0 0 0
0.002378 1187 1221 0 0 34 0  0 0 0 0 0
9.7e-05 52 54 0 0 18 0  0 0 0 0 0
0.003222 1671 1609 0 0 30 0  0 0 0 0 0
0.000976 527 515 0 0 26 0  0 0 0 0 0
0.002158 1100 1114 0 0 30 0  0 0 0 0 0
0.004391 2223 2166 0 0 28 0  0 0 0 0 0
0.001935 1091 1004 0 0 32 0  0 0 0 0 0
0.002064 1108 1007 0 0 26 0  0 0 0 0 0
0.000216 114 114 0 0 24 0  0 0 0 0 0
0.000422 234 227 0 0 20 0  0 0 0 0 0
0.000599 369 284 0 0 28 0  0 0 0 0 0
0.00204 1139 1054 0 0 32 0  0 0 0 0 0
0.001448 793 729 0 0 28 0  0 0 0 0 0
0.021485 7204 6657 0 0 30 0  0 0 0 0 0
0.002641 1236 1207 0 0 24 0  0 0 0 0 0
0.000345 151 139 0 0 24 0  0 0 0 0 0
0.00162 674 691 0 0 28 0  0 0 0 0 0
0.002179 869 818 0 0 24 0  0 0 0 0 0
0.010622 4101 3946 0 0 30 0  0 0 0 0 0
0.004254 2178 2024 0 0 28 0  0 0 0 0 0
4.8e-05 23 26 0 0 18 0  0 0 0 0 0
0.005942 2960 2728 0 0 30 0  0 0 0 0 0
0.000188 107 91 0 0 21 0  0 0 0 0 0
0.005581 2462 2158 0 0 33 0  0 0 0 0 0
0.002047 1062 994 0 0 25 0  0 0 0 0 0
0.000596 337 299 0 0 23 0  0 0 0 0 0
0.001 538 505 0 0 21 0  0 0 0 0 0
0.001555 832 796 0 0 27 0  0 0 0 0 0
4.4e-05 24 21 0 0 23 0  0 0 0 0 0
0.004611 2387 2187 0 0 29 0  0 0 0 0 0
0.000126 69 62 0 0 21 0  0 0 0 0 0
0.000196 108 104 0 0 19 0  0 0 0 0 0
0.001932 1051 960 0 0 27 0  0 0 0 0 0
0.000328 178 172 0 0 21 0  0 0 0 0 0
4.7e-05 26 23 0 0 21 0  0 0 0 0 0
0.000657 369 345 0 0 27 0  0 0 0 0 0
0.072104 16833 16206 0 0 31 0  0 0 0 0 0
0.00046 254 229 0 0 23 0  0 0 0 0 0
0.001261 664 613 0 0 27 0  0 0 0 0 0
5.6e-05 32 30 0 0 19 0  0 0 0 0 0
0.000194 108 105 0 0 19 0  0 0 0 0 0
0.000307 166 150 0 0 23 0  0 0 0 0 0
7.1e-05 35 31 0 0 23 0  0 0 0 0 0
0.000306 157 174 0 0 21 0  0 0 0 0 0
0.000223 117 112 0 0 21 0  0 0 0 0 0
3.4e-05 17 18 0 0 23 0  0 0 0 0 0
0.000369 200 206 0 0 23 0  0 0 0 0 0
0.007392 2999 2851 0 0 25 0  0 0 0 0 0
0.000173 93 84 0 0 21 0  0 0 0 0 0
6.8e-05 31 29 0 0 17 0  0 0 0 0 0
0.007319 3453 3099 0 0 29 0  0 0 0 0 0
0.000364 206 199 0 0 23 0  0 0 0 0 0
