12257  0.022375
2677  0.003376
2084  0.001953
3881  0.003906
18368  0.030634
280  0.000269
7140  0.008305
5806  0.007004
3991  0.004403
598  0.000573
3848  0.003792
97  8.5e-05
4024  0.004007
601  0.000566
4908  0.005055
6483  0.008893
7793  0.008285
5776  0.006208
4212  0.004226
129  0.000122
44  4.6e-05
6251  0.008037
4109  0.004105
133  0.00013
338  0.000309
37  4.4e-05
2140  0.002056
438  0.000398
10380  0.014171
2349  0.002326
2775  0.002783
2871  0.002808
5540  0.006629
5929  0.00623
457  0.000417
4562  0.005151
5003  0.005061
2600  0.002639
16  1.7e-05
6944  0.00742
123  0.000122
776  0.000739
1519  0.001433
3190  0.003145
3769  0.003862
3151  0.003246
1533  0.001629
401  0.000368
2408  0.002378
106  9.7e-05
3280  0.003222
1042  0.000976
2214  0.002158
4389  0.004391
2095  0.001935
2115  0.002064
228  0.000216
461  0.000422
653  0.000599
2193  0.00204
1522  0.001448
13861  0.021485
2443  0.002641
290  0.000345
1365  0.00162
1687  0.002179
8047  0.010622
4202  0.004254
49  4.8e-05
5688  0.005942
198  0.000188
4620  0.005581
2056  0.002047
636  0.000596
1043  0.001
1628  0.001555
45  4.4e-05
4574  0.004611
131  0.000126
212  0.000196
2011  0.001932
350  0.000328
49  4.7e-05
714  0.000657
33039  0.072104
483  0.00046
1277  0.001261
62  5.6e-05
213  0.000194
316  0.000307
66  7.1e-05
331  0.000306
229  0.000223
35  3.4e-05
406  0.000369
5850  0.007392
177  0.000173
60  6.8e-05
6552  0.007319
405  0.000364
