0.011759 2914 2777 0 0 34 0  0 0 0 0 0
0.000345 126 118 0 0 28 0  0 0 0 0 0
0.001864 632 560 0 0 26 0  0 0 0 0 0
0.002697 915 865 0 0 28 0  0 0 0 0 0
0.007963 2302 2449 0 0 34 0  0 0 0 0 0
0.00025 84 88 0 0 22 0  0 0 0 0 0
0.003346 1080 1031 0 0 32 0  0 0 0 0 0
0.002119 725 673 0 0 28 0  0 0 0 0 0
0.001237 438 424 0 0 34 0  0 0 0 0 0
0.000558 192 180 0 0 24 0  0 0 0 0 0
0.003548 1159 1049 0 0 30 0  0 0 0 0 0
0.000113 39 41 0 0 26 0  0 0 0 0 0
0.002955 929 977 0 0 30 0  0 0 0 0 0
0.00042 133 151 0 0 28 0  0 0 0 0 0
0.004585 1448 1489 0 0 30 0  0 0 0 0 0
0.003852 1263 1228 0 0 30 0  0 0 0 0 0
0.00622 1753 1790 0 0 30 0  0 0 0 0 0
0.003856 1180 1127 0 0 32 0  0 0 0 0 0
0.002898 938 979 0 0 30 0  0 0 0 0 0
0.000115 40 37 0 0 30 0  0 0 0 0 0
7e-05 21 23 0 0 24 0  0 0 0 0 0
0.001033 358 366 0 0 32 0  0 0 0 0 0
0.001853 657 580 0 0 28 0  0 0 0 0 0
9.2e-05 29 32 0 0 24 0  0 0 0 0 0
0.000307 114 101 0 0 26 0  0 0 0 0 0
5.9e-05 20 17 0 0 16 0  0 0 0 0 0
0.001376 462 467 0 0 26 0  0 0 0 0 0
0.000601 218 181 0 0 28 0  0 0 0 0 0
0.004863 1627 1509 0 0 32 0  0 0 0 0 0
0.002526 849 820 0 0 28 0  0 0 0 0 0
0.001161 391 407 0 0 32 0  0 0 0 0 0
0.000898 305 312 0 0 30 0  0 0 0 0 0
0.002679 909 852 0 0 30 0  0 0 0 0 0
0.002655 877 855 0 0 30 0  0 0 0 0 0
0.0005 176 154 0 0 24 0  0 0 0 0 0
0.004379 1343 1288 0 0 32 0  0 0 0 0 0
0.002595 913 896 0 0 34 0  0 0 0 0 0
0.002099 711 672 0 0 28 0  0 0 0 0 0
2.4e-05 5 11 0 0 16 0  0 0 0 0 0
0.006819 2274 2085 0 0 32 0  0 0 0 0 0
7.2e-05 27 26 0 0 20 0  0 0 0 0 0
0.000563 196 190 0 0 20 0  0 0 0 0 0
0.001001 347 310 0 0 30 0  0 0 0 0 0
0.001368 463 477 0 0 30 0  0 0 0 0 0
0.003162 1070 1041 0 0 32 0  0 0 0 0 0
0.001726 588 581 0 0 32 0  0 0 0 0 0
0.001455 505 476 0 0 26 0  0 0 0 0 0
0.000431 155 131 0 0 24 0  0 0 0 0 0
0.000347 116 129 0 0 34 0  0 0 0 0 0
8.5e-05 26 28 0 0 18 0  0 0 0 0 0
0.000864 319 254 0 0 30 0  0 0 0 0 0
0.000683 225 233 0 0 26 0  0 0 0 0 0
0.002247 569 551 0 0 30 0  0 0 0 0 0
0.003607 1166 1105 0 0 28 0  0 0 0 0 0
0.001469 528 461 0 0 32 0  0 0 0 0 0
0.000949 328 322 0 0 26 0  0 0 0 0 0
0.000117 40 38 0 0 24 0  0 0 0 0 0
0.00016 60 54 0 0 20 0  0 0 0 0 0
0.000187 69 55 0 0 28 0  0 0 0 0 0
0.001488 534 478 0 0 32 0  0 0 0 0 0
0.001104 404 356 0 0 28 0  0 0 0 0 0
0.029067 5505 5461 0 0 30 0  0 0 0 0 0
0.001385 479 442 0 0 24 0  0 0 0 0 0
0.000231 76 76 0 0 24 0  0 0 0 0 0
0.001784 576 574 0 0 28 0  0 0 0 0 0
0.001792 584 561 0 0 24 0  0 0 0 0 0
0.006236 2004 1944 0 0 30 0  0 0 0 0 0
0.002116 678 709 0 0 28 0  0 0 0 0 0
7.6e-05 23 26 0 0 18 0  0 0 0 0 0
0.003547 1160 1093 0 0 30 0  0 0 0 0 0
0.000129 42 42 0 0 21 0  0 0 0 0 0
0.000618 241 192 0 0 33 0  0 0 0 0 0
0.001192 417 376 0 0 25 0  0 0 0 0 0
0.00059 213 196 0 0 23 0  0 0 0 0 0
0.000493 174 150 0 0 21 0  0 0 0 0 0
0.001904 600 548 0 0 27 0  0 0 0 0 0
4.1e-05 14 11 0 0 23 0  0 0 0 0 0
0.003771 1237 1118 0 0 29 0  0 0 0 0 0
6e-05 19 20 0 0 21 0  0 0 0 0 0
0.000187 64 61 0 0 19 0  0 0 0 0 0
0.001961 626 618 0 0 27 0  0 0 0 0 0
0.000224 79 75 0 0 21 0  0 0 0 0 0
7e-05 22 20 0 0 21 0  0 0 0 0 0
0.000167 57 57 0 0 27 0  0 0 0 0 0
0.048619 9788 9715 0 0 31 0  0 0 0 0 0
0.000448 149 144 0 0 23 0  0 0 0 0 0
0.000721 255 221 0 0 27 0  0 0 0 0 0
9.3e-05 32 29 0 0 19 0  0 0 0 0 0
0.000231 82 73 0 0 19 0  0 0 0 0 0
0.000301 93 96 0 0 23 0  0 0 0 0 0
9.5e-05 33 28 0 0 23 0  0 0 0 0 0
0.000341 109 127 0 0 21 0  0 0 0 0 0
0.000283 101 93 0 0 21 0  0 0 0 0 0
4.3e-05 12 12 0 0 23 0  0 0 0 0 0
0.000351 128 111 0 0 23 0  0 0 0 0 0
0.004698 1360 1321 0 0 25 0  0 0 0 0 0
0.000196 65 66 0 0 21 0  0 0 0 0 0
7.4e-05 23 21 0 0 17 0  0 0 0 0 0
0.002764 952 857 0 0 29 0  0 0 0 0 0
0.00027 95 93 0 0 23 0  0 0 0 0 0
