5691  0.011759
244  0.000345
1192  0.001864
1780  0.002697
4751  0.007963
172  0.00025
2111  0.003346
1398  0.002119
862  0.001237
372  0.000558
2208  0.003548
80  0.000113
1906  0.002955
284  0.00042
2937  0.004585
2491  0.003852
3543  0.00622
2307  0.003856
1917  0.002898
77  0.000115
44  7e-05
724  0.001033
1237  0.001853
61  9.2e-05
215  0.000307
37  5.9e-05
929  0.001376
399  0.000601
3136  0.004863
1669  0.002526
798  0.001161
617  0.000898
1761  0.002679
1732  0.002655
330  0.0005
2631  0.004379
1809  0.002595
1383  0.002099
16  2.4e-05
4359  0.006819
53  7.2e-05
386  0.000563
657  0.001001
940  0.001368
2111  0.003162
1169  0.001726
981  0.001455
286  0.000431
245  0.000347
54  8.5e-05
573  0.000864
458  0.000683
1120  0.002247
2271  0.003607
989  0.001469
650  0.000949
78  0.000117
114  0.00016
124  0.000187
1012  0.001488
760  0.001104
10966  0.029067
921  0.001385
152  0.000231
1150  0.001784
1145  0.001792
3948  0.006236
1387  0.002116
49  7.6e-05
2253  0.003547
84  0.000129
433  0.000618
793  0.001192
409  0.00059
324  0.000493
1148  0.001904
25  4.1e-05
2355  0.003771
39  6e-05
125  0.000187
1244  0.001961
154  0.000224
42  7e-05
114  0.000167
19503  0.048619
293  0.000448
476  0.000721
61  9.3e-05
155  0.000231
189  0.000301
61  9.5e-05
236  0.000341
194  0.000283
24  4.3e-05
239  0.000351
2681  0.004698
131  0.000196
44  7.4e-05
1809  0.002764
188  0.00027
