5264  0.007032
255  0.000247
1134  0.001067
1165  0.001115
6732  0.007552
169  0.000173
2034  0.001845
1646  0.001747
860  0.00076
609  0.000592
1981  0.001925
89  8.5e-05
1975  0.001982
285  0.000271
2327  0.00225
2554  0.002477
2662  0.002677
2650  0.002564
2072  0.002005
84  8e-05
57  5.8e-05
483  0.000438
848  0.000785
101  9.8e-05
171  0.000163
24  2.7e-05
1869  0.002131
544  0.000619
3795  0.003976
1434  0.001465
2106  0.002024
526  0.000474
1534  0.001523
3509  0.003914
725  0.000708
4474  0.004548
3661  0.0034
1525  0.001476
16  1.9e-05
10354  0.014404
50  5.7e-05
773  0.000755
656  0.000605
1015  0.000997
1663  0.001563
1021  0.00091
1861  0.001825
381  0.000367
253  0.000281
29  4e-05
616  0.000581
830  0.000789
1114  0.001032
4707  0.005033
787  0.000727
523  0.000487
120  0.000119
224  0.000209
204  0.000188
852  0.000781
1608  0.002039
9668  0.013349
2046  0.002008
168  0.000169
2616  0.002568
1504  0.001522
3635  0.003614
1233  0.001209
50  5.3e-05
2402  0.00289
147  0.000155
1168  0.001021
577  0.000564
464  0.000453
263  0.00026
1093  0.001224
25  3.2e-05
2271  0.002227
47  4.9e-05
251  0.000251
2871  0.003263
195  0.000195
58  5.9e-05
250  0.000285
21544  0.038367
473  0.000451
646  0.00063
58  5.9e-05
164  0.000167
243  0.00025
53  5.5e-05
356  0.000405
158  0.000229
24  3.8e-05
278  0.000384
2733  0.00362
118  0.000123
41  5.2e-05
1360  0.001443
368  0.000354
