0.009937 7745 963 8707 8707 34 0  0 0 1 0 0
0.002818 2523 1160 3683 3683 28 1  0 0 0 0 0
0.000895 1039 183 1221 1221 26 0  0 0 1 0 0
0.001958 2145 475 2598 2598 28 0  0 0 1 0 0
0.021342 14294 3031 17324 17324 34 0  0 0 1 0 0
0.000167 150 35 175 175 22 0  0 0 0 0 1
0.004336 4739 901 5435 5435 32 0  0 0 0 0 1
0.008341 5425 2929 8354 8354 28 1  0 0 0 0 0
0.002073 2208 440 2647 2647 34 0  0 0 1 0 0
0.000703 593 296 889 889 24 1  0 0 0 0 0
0.002667 2814 621 3434 3434 30 0  0 0 1 0 0
0.000154 83 45 128 128 26 1  0 0 0 0 0
0.002129 2522 314 2835 2835 30 0  0 0 1 0 0
0.000346 148 315 463 463 28 1  0 0 0 0 0
0.001713 1556 799 2354 2354 30 0  0 0 1 0 0
0.003564 3518 1161 4669 4669 30 0  0 0 0 0 1
0.004768 4239 1773 6011 6011 30 0  0 0 1 0 0
0.003684 3622 1137 4757 4757 32 0  0 0 1 0 0
0.002696 2575 994 3568 3568 30 0  0 0 1 0 0
0.000254 179 156 335 335 30 1  0 0 0 0 0
7.6e-05 38 43 81 81 24 1  0 0 0 0 0
0.003326 3743 759 4501 4501 32 0  0 0 1 0 0
0.002213 2641 210 2850 2850 28 0  0 0 1 0 0
0.000246 249 62 309 309 26 0  0 0 0 0 1
0.000328 316 132 448 448 26 1  0 0 0 0 0
5.7e-05 17 8 25 25 16 1  0 0 0 0 0
0.002669 3024 392 3415 3415 28 0  0 0 1 0 0
0.000814 714 200 914 914 28 1  0 0 0 0 0
0.007233 6882 1900 8781 8781 32 0  0 0 1 0 0
0.001445 1291 614 1903 1903 28 0  0 0 0 0 1
0.007545 2114 5981 8095 8095 32 1  0 0 0 0 0
0.001097 866 564 1422 1422 30 0  0 0 0 0 1
0.002182 2484 463 2946 2946 30 0  0 0 1 0 0
0.008381 7088 2698 9785 9785 32 0  0 0 1 0 0
0.000729 876 123 998 998 26 0  0 0 1 0 0
0.005837 5598 1712 7310 7310 32 1  0 0 0 0 0
0.012408 9721 2485 12205 12205 36 0  0 0 1 0 0
0.001424 1455 444 1898 1898 28 0  0 0 1 0 0
3.2e-05 8 8 16 16 16 1  0 0 0 0 0
0.022203 14162 2645 16806 16806 34 0  0 0 1 0 0
0.000106 55 46 101 101 20 1  0 0 0 0 0
0.000923 710 483 1193 1193 20 1  0 0 0 0 0
0.000597 718 114 826 826 30 0  0 0 0 0 1
0.001943 2216 368 2583 2583 30 0  0 0 1 0 0
0.001443 1678 331 2008 2008 32 0  0 0 1 0 0
0.001646 1847 519 2279 2279 32 0  0 0 0 0 1
0.002587 2176 1205 3381 3381 26 1  0 0 0 0 0
0.00044 488 102 590 590 24 1  0 0 0 0 0
0.002695 2430 1225 3655 3655 34 1  0 0 0 0 0
0.00011 63 47 110 110 18 1  0 0 0 0 0
0.00246 2543 658 3201 3201 30 1  0 0 0 0 0
0.001214 1232 396 1627 1627 28 0  0 0 1 0 0
0.001119 1306 170 1475 1475 30 0  0 0 1 0 0
0.006985 5366 2132 7497 7497 30 0  0 0 1 0 0
0.00092 935 306 1236 1236 32 0  0 0 0 0 1
0.001057 1149 267 1415 1415 26 0  0 0 1 0 0
0.000194 150 94 244 244 24 1  0 0 0 0 0
0.000453 425 180 605 605 20 1  0 0 0 0 0
0.00048 521 162 683 683 28 1  0 0 0 0 0
0.001045 1173 275 1448 1448 32 1  0 0 0 0 0
0.002243 2056 971 3027 3027 28 1  0 0 0 0 0
0.018513 11157 3237 13823 13823 30 0  0 0 0 0 1
0.002205 2068 553 2620 2620 26 0  0 0 1 0 0
0.000189 135 94 229 229 24 1  0 0 0 0 0
0.003078 2137 1977 4114 4114 28 1  0 0 0 0 0
0.001696 1703 554 2257 2257 24 1  0 0 0 0 0
0.004969 5364 741 6083 6083 30 0  0 0 0 0 1
0.002064 1758 955 2712 2712 28 0  0 0 1 0 0
5.5e-05 26 24 49 49 18 1  0 0 0 0 0
0.003098 2838 1221 4058 4058 30 0  0 0 1 0 0
