0.007203 3545 1719 4034 4034 34 1  0 0 0 0 0
0.000272 137 118 255 255 28 1  0 0 0 0 0
0.000787 687 138 824 824 26 0  0 0 0 1 0
0.001518 971 602 1164 1164 28 1  0 0 0 0 0
0.008127 5404 1328 5797 5797 34 1  0 0 0 0 0
0.000189 82 87 107 107 22 1  0 0 0 0 0
0.001905 1209 825 2034 2034 32 1  0 0 0 0 0
0.00163 991 655 1646 1646 28 1  0 0 0 0 0
0.000771 407 453 635 635 34 1  0 0 0 0 0
0.000606 424 185 609 609 24 1  0 0 0 0 0
0.00208 1257 724 1574 1574 30 1  0 0 0 0 0
0.000115 55 34 89 89 26 1  0 0 0 0 0
0.00201 1194 781 1422 1422 30 1  0 0 0 0 0
0.000285 129 156 285 285 28 1  0 0 0 0 0
0.00225 961 1366 1439 1439 30 1  0 0 0 0 0
0.00258 1221 1333 1895 1895 30 1  0 0 0 0 0
0.002661 1760 902 2103 2103 30 1  0 0 0 0 0
0.002571 1634 1016 2650 2650 32 1  0 0 0 0 0
0.002001 775 1297 1162 1162 30 1  0 0 0 0 0
9.6e-05 29 55 84 84 30 1  0 0 0 0 0
8.6e-05 14 43 57 57 24 1  0 0 0 0 0
0.000457 339 144 472 472 32 1  0 0 0 0 0
0.000793 635 213 689 689 28 1  0 0 0 0 0
0.000114 54 47 101 101 24 1  0 0 0 0 0
0.000176 75 96 171 171 26 1  0 0 0 0 0
4.2e-05 16 8 24 24 16 1  0 0 0 0 0
0.001549 1363 182 1544 1544 28 0  0 0 0 1 0
0.000539 361 183 544 544 28 1  0 0 0 0 0
0.003789 2355 1440 3795 3795 32 1  0 0 0 0 0
0.001415 898 536 1305 1305 28 1  0 0 0 0 0
0.002058 914 1192 2106 2106 32 1  0 0 0 0 0
0.000537 266 260 361 361 30 1  0 0 0 0 0
0.001518 902 632 1164 1164 30 1  0 0 0 0 0
0.003446 2216 1293 3509 3509 30 1  0 0 0 0 0
0.000762 580 145 725 725 24 1  0 0 0 0 0
0.004544 3324 1150 4474 4474 32 1  0 0 0 0 0
0.003399 2507 1154 3661 3661 34 1  0 0 0 0 0
0.00148 790 735 1040 1040 28 1  0 0 0 0 0
3.4e-05 8 8 16 16 16 1  0 0 0 0 0
0.014458 7896 2458 10354 10354 32 1  0 0 0 0 0
7.9e-05 31 19 50 50 20 1  0 0 0 0 0
0.000767 422 351 773 773 20 1  0 0 0 0 0
0.000614 447 209 631 631 30 1  0 0 0 0 0
0.000944 592 423 720 720 30 1  0 0 0 0 0
0.001599 1029 634 1165 1165 32 1  0 0 0 0 0
0.000919 368 653 725 725 32 1  0 0 0 0 0
0.001841 1254 607 1861 1861 26 1  0 0 0 0 0
0.000382 291 90 381 381 24 1  0 0 0 0 0
0.000255 127 126 253 253 34 1  0 0 0 0 0
4.8e-05 17 12 29 29 18 1  0 0 0 0 0
0.000589 403 213 616 616 30 1  0 0 0 0 0
0.000799 624 206 830 830 26 1  0 0 0 0 0
0.001043 668 446 797 797 30 1  0 0 0 0 0
0.005 2547 2160 4707 4707 28 1  0 0 0 0 0
0.000736 473 314 787 787 32 1  0 0 0 0 0
0.000503 225 298 340 340 26 1  0 0 0 0 0
0.000157 65 55 120 120 24 1  0 0 0 0 0
0.000229 175 49 224 224 20 1  0 0 0 0 0
0.000201 95 109 204 204 28 1  0 0 0 0 0
0.000793 778 74 852 852 32 1  0 0 0 0 0
0.001566 1082 526 1608 1608 28 1  0 0 0 0 0
0.018722 7979 4065 9667 9667 30 1  0 0 0 0 0
0.002048 1077 969 2046 2046 24 1  0 0 0 0 0
0.000185 143 25 168 168 24 1  0 0 0 0 0
0.002575 1456 1160 2616 2616 28 1  0 0 0 0 0
0.001525 1165 339 1504 1504 24 1  0 0 0 0 0
0.003718 2559 1076 2909 2909 30 1  0 0 0 0 0
0.001257 680 553 991 991 28 1  0 0 0 0 0
6.9e-05 26 24 49 49 18 1  0 0 0 0 0
0.002771 1250 1152 2092 2092 30 1  0 0 0 0 0
