8734  0.01054
3683  0.003129
1225  0.000879
2599  0.00194
17387  0.024103
241  0.000184
7066  0.007589
8354  0.008888
3256  0.002404
889  0.000656
4889  0.004422
128  9.8e-05
3871  0.002903
463  0.000341
3963  0.003469
5970  0.005768
7559  0.007824
4759  0.003585
5520  0.004458
335  0.000238
81  6.2e-05
4509  0.004239
2862  0.003066
367  0.000268
448  0.000314
25  2.1e-05
4166  0.003215
914  0.000692
12498  0.014038
2104  0.001555
8095  0.010293
1850  0.00135
3430  0.002769
11699  0.013328
1104  0.000915
7310  0.007601
13238  0.013754
2734  0.002595
16  1.8e-05
18202  0.025408
101  8.7e-05
1193  0.000978
1076  0.000763
3443  0.002912
2024  0.001664
3493  0.002593
3381  0.002563
590  0.000428
3655  0.002741
110  8.7e-05
3201  0.002468
1916  0.001444
2028  0.001529
9169  0.011418
1387  0.001035
1432  0.001147
244  0.000182
605  0.000444
683  0.000466
1448  0.00105
3027  0.002357
13824  0.019582
3325  0.002618
229  0.000172
4114  0.003221
2257  0.001702
7434  0.007116
3063  0.0023
50  3.9e-05
4477  0.00463
101  9e-05
9874  0.009625
1527  0.001152
754  0.000543
767  0.000564
1930  0.001419
59  4.7e-05
4360  0.003249
130  0.000101
331  0.000247
4863  0.003861
433  0.000319
61  4.9e-05
1395  0.001435
42988  0.075603
700  0.000527
1985  0.001488
58  4.4e-05
211  0.000171
417  0.000303
76  5.7e-05
529  0.000374
179  0.000135
36  2.8e-05
398  0.000286
5830  0.007154
166  0.000194
51  6e-05
4507  0.003534
633  0.000455
