0.007032
0.000247
0.001067
0.001115
0.007552
0.000173
0.001845
0.001747
0.00076
0.000592
0.001925
8.5e-05
0.001982
0.000271
0.00225
0.002477
0.002677
0.002564
0.002005
8e-05
5.8e-05
0.000438
0.000785
9.8e-05
0.000163
2.7e-05
0.002131
0.000619
0.003976
0.001465
0.002024
0.000474
0.001523
0.003914
0.000708
0.004548
0.0034
0.001476
1.9e-05
0.014404
5.7e-05
0.000755
0.000605
0.000997
0.001563
0.00091
0.001825
0.000367
0.000281
4e-05
0.000581
0.000789
0.001032
0.005033
0.000727
0.000487
0.000119
0.000209
0.000188
0.000781
0.002039
0.013349
0.002008
0.000169
0.002568
0.001522
0.003614
0.001209
5.3e-05
0.00289
0.000155
0.001021
0.000564
0.000453
0.00026
0.001224
3.2e-05
0.002227
4.9e-05
0.000251
0.003263
0.000195
5.9e-05
0.000285
0.038367
0.000451
0.00063
5.9e-05
0.000167
0.00025
5.5e-05
0.000405
0.000229
3.8e-05
0.000384
0.00362
0.000123
5.2e-05
0.001443
0.000354
