0.007438 3545 1719 4034 4034 34 1  0 0 0 0 0
0.000251 137 118 255 255 28 1  0 0 0 0 0
0.001068 687 447 824 824 26 1  0 0 0 0 0
0.001522 971 602 1164 1164 28 1  0 0 0 0 0
0.007578 5404 1328 5797 5797 34 1  0 0 0 0 0
0.000172 82 87 107 107 22 1  0 0 0 0 0
0.00191 1209 825 2034 2034 32 1  0 0 0 0 0
0.001893 991 655 1646 1646 28 1  0 0 0 0 0
0.000759 407 453 635 635 34 1  0 0 0 0 0
0.000628 424 185 609 609 24 1  0 0 0 0 0
0.002013 1257 724 1574 1574 30 1  0 0 0 0 0
8.6e-05 55 34 89 89 26 1  0 0 0 0 0
0.001967 1194 781 1422 1422 30 1  0 0 0 0 0
0.00028 129 156 285 285 28 1  0 0 0 0 0
0.002238 961 1366 1439 1439 30 1  0 0 0 0 0
0.00246 1221 1333 1895 1895 30 1  0 0 0 0 0
0.00266 1760 902 2103 2103 30 1  0 0 0 0 0
0.00256 1634 1016 2650 2650 32 1  0 0 0 0 0
0.001991 775 1297 1162 1162 30 1  0 0 0 0 0
8.1e-05 29 55 84 84 30 1  0 0 0 0 0
5.7e-05 14 43 57 57 24 1  0 0 0 0 0
0.000437 339 144 472 472 32 1  0 0 0 0 0
0.000784 635 213 689 689 28 1  0 0 0 0 0
9.9e-05 54 47 101 101 24 1  0 0 0 0 0
0.000164 75 96 171 171 26 1  0 0 0 0 0
2.6e-05 16 8 24 24 16 1  0 0 0 0 0
0.001825 1363 506 1869 1869 26 1  0 0 0 0 0
0.000526 361 183 544 544 28 1  0 0 0 0 0
0.003797 2355 1440 3795 3795 32 1  0 0 0 0 0
0.001439 898 536 1305 1305 28 1  0 0 0 0 0
0.002234 914 1192 2106 2106 32 1  0 0 0 0 0
0.0005 266 260 361 361 30 1  0 0 0 0 0
0.00145 902 632 1164 1164 30 1  0 0 0 0 0
0.003426 2216 1293 3509 3509 30 1  0 0 0 0 0
0.000709 580 145 725 725 24 1  0 0 0 0 0
0.00454 3324 1150 4474 4474 32 1  0 0 0 0 0
0.003852 2507 1154 3661 3661 34 1  0 0 0 0 0
0.001728 790 735 1040 1040 28 1  0 0 0 0 0
2.2e-05 8 8 16 16 16 1  0 0 0 0 0
0.015211 7896 2458 10354 10354 32 1  0 0 0 0 0
5.8e-05 31 19 50 50 20 1  0 0 0 0 0
0.000765 422 351 773 773 20 1  0 0 0 0 0
0.000609 447 209 631 631 30 1  0 0 0 0 0
0.000938 592 423 720 720 30 1  0 0 0 0 0
0.001568 1029 634 1165 1165 32 1  0 0 0 0 0
0.000905 368 653 725 725 32 1  0 0 0 0 0
0.001821 1254 607 1861 1861 26 1  0 0 0 0 0
0.000371 291 90 381 381 24 1  0 0 0 0 0
0.000234 127 126 253 253 34 1  0 0 0 0 0
3.3e-05 17 12 29 29 18 1  0 0 0 0 0
0.000595 403 213 616 616 30 1  0 0 0 0 0
0.000791 624 206 830 830 26 1  0 0 0 0 0
0.001036 668 446 797 797 30 1  0 0 0 0 0
0.00497 2547 2160 4707 4707 28 1  0 0 0 0 0
0.000729 473 314 787 787 32 1  0 0 0 0 0
0.000491 225 298 340 340 26 1  0 0 0 0 0
0.00012 65 55 120 120 24 1  0 0 0 0 0
0.000212 175 49 224 224 20 1  0 0 0 0 0
0.000189 95 109 204 204 28 1  0 0 0 0 0
0.000794 778 74 852 852 32 1  0 0 0 0 0
0.001556 1082 526 1608 1608 28 1  0 0 0 0 0
0.017293 7979 4065 9667 9667 30 1  0 0 0 0 0
0.002005 1077 969 2046 2046 24 1  0 0 0 0 0
0.00018 143 25 168 168 24 1  0 0 0 0 0
0.002566 1456 1160 2616 2616 28 1  0 0 0 0 0
0.001525 1165 339 1504 1504 24 1  0 0 0 0 0
0.003814 2559 1076 2909 2909 30 1  0 0 0 0 0
0.001332 680 553 991 991 28 1  0 0 0 0 0
5.4e-05 26 24 49 49 18 1  0 0 0 0 0
0.002975 1250 1152 2092 2092 30 1  0 0 0 0 0
0.000184 115 32 147 147 21 1  0 0 0 0 0
0.000991 1072 96 1168 1168 33 1  0 0 0 0 0
0.000594 437 168 573 573 25 1  0 0 0 0 0
0.000455 326 138 464 464 23 1  0 0 0 0 0
0.000265 168 99 263 263 21 1  0 0 0 0 0
0.001167 637 530 1092 1092 27 1  0 0 0 0 0
3e-05 13 12 25 25 23 1  0 0 0 0 0
0.002284 1423 933 2173 2173 29 1  0 0 0 0 0
4.9e-05 37 10 47 47 21 1  0 0 0 0 0
0.000251 159 92 251 251 19 1  0 0 0 0 0
0.002798 1976 895 2871 2871 27 1  0 0 0 0 0
0.000196 149 46 195 195 21 1  0 0 0 0 0
6e-05 33 25 58 58 21 1  0 0 0 0 0
0.00024 114 136 250 250 27 1  0 0 0 0 0
0.042012 15239 6941 20054 20054 31 1  0 0 0 0 0
0.000457 397 76 473 473 23 1  0 0 0 0 0
0.000642 501 145 646 646 27 1  0 0 0 0 0
5.8e-05 34 24 57 57 19 1  0 0 0 0 0
0.000167 105 59 164 164 19 1  0 0 0 0 0
0.000243 161 82 243 243 23 1  0 0 0 0 0
5.5e-05 30 23 53 53 23 1  0 0 0 0 0
0.000346 278 78 356 356 21 1  0 0 0 0 0
0.000161 102 57 148 148 21 1  0 0 0 0 0
2.7e-05 12 12 24 24 23 1  0 0 0 0 0
0.000271 224 54 278 278 23 1  0 0 0 0 0
0.003352 1508 1430 2715 2715 25 1  0 0 0 0 0
0.000124 80 38 118 118 21 1  0 0 0 0 0
4.9e-05 28 13 40 40 17 1  0 0 0 0 0
0.001646 1013 469 1354 1354 29 1  0 0 0 0 0
0.000419 299 69 368 368 23 1  0 0 0 0 0
