0.005668 3545 494 4034 4034 34 0  0 0 0 1 0
0.000248 137 118 255 255 28 1  0 0 0 0 0
0.000936 687 138 824 824 26 0  0 0 0 1 0
0.0013 971 194 1164 1164 28 0  0 0 0 1 0
0.006753 5404 406 5797 5797 34 0  0 0 0 1 0
0.00012 82 35 107 107 22 0  0 0 0 0 1
0.001815 1209 825 2034 2034 32 1  0 0 0 0 0
0.002191 991 655 1646 1646 28 1  0 0 0 0 0
0.000561 407 229 635 635 34 0  0 0 1 0 0
0.000596 424 185 609 609 24 1  0 0 0 0 0
0.001589 1257 321 1574 1574 30 0  0 0 0 0 1
8.4e-05 55 34 89 89 26 1  0 0 0 0 0
0.001591 1194 263 1422 1422 30 0  0 0 1 0 0
0.000276 129 156 285 285 28 1  0 0 0 0 0
0.001509 961 597 1439 1439 30 0  0 0 1 0 0
0.001826 1221 675 1895 1895 30 0  0 0 1 0 0
0.002013 1760 344 2103 2103 30 0  0 0 1 0 0
0.002601 1634 1016 2650 2650 32 1  0 0 0 0 0
0.001183 775 455 1162 1162 30 0  0 0 0 0 1
8e-05 29 55 84 84 30 1  0 0 0 0 0
5.6e-05 14 43 57 57 24 1  0 0 0 0 0
0.00051 339 141 472 472 32 0  0 0 0 0 1
0.000638 635 63 689 689 28 0  0 0 0 0 1
9.7e-05 54 47 101 101 24 1  0 0 0 0 0
0.000162 75 96 171 171 26 1  0 0 0 0 0
2.7e-05 16 8 24 24 16 1  0 0 0 0 0
0.001738 1363 182 1544 1544 28 0  0 0 0 1 0
0.000516 361 183 544 544 28 1  0 0 0 0 0
0.003655 2355 1440 3795 3795 32 1  0 0 0 0 0
0.001302 898 412 1305 1305 28 0  0 0 0 0 1
0.001958 914 1192 2106 2106 32 1  0 0 0 0 0
0.0005 266 96 361 361 30 0  0 0 1 0 0
0.001451 902 263 1164 1164 30 0  0 0 1 0 0
0.003284 2216 964 3043 3043 32 0  0 0 1 0 0
0.000711 580 97 664 664 26 0  0 0 1 0 0
0.004685 3324 1150 4474 4474 32 1  0 0 0 0 0
0.003328 2507 1154 3661 3661 34 1  0 0 0 0 0
0.001088 790 369 1040 1040 28 0  0 0 0 0 1
1.9e-05 8 8 16 16 16 1  0 0 0 0 0
0.012335 7896 2250 9575 9575 34 0  0 0 0 0 1
9e-05 31 19 50 50 20 1  0 0 0 0 0
0.000762 422 351 773 773 20 1  0 0 0 0 0
0.00058 447 185 631 631 30 0  0 0 1 0 0
0.000672 592 135 720 720 30 0  0 0 1 0 0
0.001079 1029 138 1165 1165 32 0  0 0 0 1 0
0.000693 368 358 725 725 32 0  0 0 1 0 0
0.001851 1254 607 1861 1861 26 1  0 0 0 0 0
0.000419 291 90 381 381 24 1  0 0 0 0 0
0.000272 127 126 253 253 34 1  0 0 0 0 0
3.4e-05 17 12 29 29 18 1  0 0 0 0 0
0.00058 403 213 616 616 30 1  0 0 0 0 0
0.000915 624 206 830 830 26 1  0 0 0 0 0
0.000745 668 144 797 797 30 0  0 0 1 0 0
0.004043 2547 1408 3641 3641 30 0  0 0 1 0 0
0.000727 473 314 787 787 32 1  0 0 0 0 0
0.000316 225 116 340 340 26 0  0 0 1 0 0
9.2e-05 65 28 92 92 26 0  0 0 1 0 0
0.000206 175 49 224 224 20 1  0 0 0 0 0
0.000187 95 109 204 204 28 1  0 0 0 0 0
0.000778 778 74 852 852 32 1  0 0 0 0 0
0.001516 1082 526 1608 1608 28 1  0 0 0 0 0
0.012789 7979 1689 9667 9667 30 0  0 0 0 1 0
0.00154 1077 461 1454 1454 26 0  0 0 1 0 0
0.000168 143 25 168 168 24 1  0 0 0 0 0
0.002857 1456 1160 2616 2616 28 1  0 0 0 0 0
0.001508 1165 339 1504 1504 24 1  0 0 0 0 0
0.002885 2559 369 2909 2909 30 0  0 0 0 0 1
0.000934 680 312 991 991 28 0  0 0 1 0 0
5.3e-05 26 24 49 49 18 1  0 0 0 0 0
0.001998 1250 843 2092 2092 30 0  0 0 1 0 0
