0.01054
0.003129
0.000879
0.00194
0.024103
0.000184
0.007589
0.008888
0.002404
0.000656
0.004422
9.8e-05
0.002903
0.000341
0.003469
0.005768
0.007824
0.003585
0.004458
0.000238
6.2e-05
0.004239
0.003066
0.000268
0.000314
2.1e-05
0.003215
0.000692
0.014038
0.001555
0.010293
0.00135
0.002769
0.013328
0.000915
0.007601
0.013754
0.002595
1.8e-05
0.025408
8.7e-05
0.000978
0.000763
0.002912
0.001664
0.002593
0.002563
0.000428
0.002741
8.7e-05
0.002468
0.001444
0.001529
0.011418
0.001035
0.001147
0.000182
0.000444
0.000466
0.00105
0.002357
0.019582
0.002618
0.000172
0.003221
0.001702
0.007116
0.0023
3.9e-05
0.00463
9e-05
0.009625
0.001152
0.000543
0.000564
0.001419
4.7e-05
0.003249
0.000101
0.000247
0.003861
0.000319
4.9e-05
0.001435
0.075603
0.000527
0.001488
4.4e-05
0.000171
0.000303
5.7e-05
0.000374
0.000135
2.8e-05
0.000286
0.007154
0.000194
6e-05
0.003534
0.000455
