0.014074 7745 3286 8707 8707 34 1  0 0 0 0 0
0.002849 2523 1160 3683 3683 28 1  0 0 0 0 0
0.001182 1039 594 1221 1221 26 1  0 0 0 0 0
0.002606 2145 1339 2598 2598 28 1  0 0 0 0 0
0.035515 14294 8943 17324 17324 34 1  0 0 0 0 0
0.000184 150 91 175 175 22 1  0 0 0 0 0
0.005466 4739 2327 5435 5435 32 1  0 0 0 0 0
0.007065 5425 2929 8354 8354 28 1  0 0 0 0 0
0.002427 2208 1048 2647 2647 34 1  0 0 0 0 0
0.000677 593 296 889 889 24 1  0 0 0 0 0
0.004403 2814 2075 3434 3434 30 1  0 0 0 0 0
9.9e-05 83 45 128 128 26 1  0 0 0 0 0
0.003269 2522 1349 2835 2835 30 1  0 0 0 0 0
0.000332 148 315 463 463 28 1  0 0 0 0 0
0.00301 1556 2407 2354 2354 30 1  0 0 0 0 0
0.004669 3518 2452 4669 4669 30 1  0 0 0 0 0
0.006012 4239 3320 6011 6011 30 1  0 0 0 0 0
0.004497 3622 1984 4757 4757 32 1  0 0 0 0 0
0.005189 2575 2945 3568 3568 30 1  0 0 0 0 0
0.00024 179 156 335 335 30 1  0 0 0 0 0
6.1e-05 38 43 81 81 24 1  0 0 0 0 0
0.005893 3743 2835 4501 4501 32 1  0 0 0 0 0
0.002508 2641 693 2850 2850 28 1  0 0 0 0 0
0.000271 249 118 367 367 24 1  0 0 0 0 0
0.000315 316 132 448 448 26 1  0 0 0 0 0
2.1e-05 17 8 25 25 16 1  0 0 0 0 0
0.003154 3024 1142 4166 4166 26 1  0 0 0 0 0
0.000649 714 200 914 914 28 1  0 0 0 0 0
0.013414 6882 5616 8781 8781 32 1  0 0 0 0 0
0.001552 1291 813 1903 1903 28 1  0 0 0 0 0
0.007394 2114 5981 8095 8095 32 1  0 0 0 0 0
0.001337 866 984 1422 1422 30 1  0 0 0 0 0
0.002506 2484 946 2946 2946 30 1  0 0 0 0 0
0.011988 7088 4611 11699 11699 30 1  0 0 0 0 0
0.000801 876 228 1104 1104 24 1  0 0 0 0 0
0.005876 5598 1712 7310 7310 32 1  0 0 0 0 0
0.012413 9721 3517 13238 13238 34 1  0 0 0 0 0
0.002415 1455 1279 1898 1898 28 1  0 0 0 0 0
1.6e-05 8 8 16 16 16 1  0 0 0 0 0
0.021454 14162 4040 18202 18202 32 1  0 0 0 0 0
8.6e-05 55 46 101 101 20 1  0 0 0 0 0
0.00092 710 483 1193 1193 20 1  0 0 0 0 0
0.000937 718 358 826 826 30 1  0 0 0 0 0
0.003045 2216 1227 2583 2583 30 1  0 0 0 0 0
0.002254 1678 1319 2008 2008 32 1  0 0 0 0 0
0.002544 1847 1646 2279 2279 32 1  0 0 0 0 0
0.002554 2176 1205 3381 3381 26 1  0 0 0 0 0
0.00043 488 102 590 590 24 1  0 0 0 0 0
0.002795 2430 1225 3655 3655 34 1  0 0 0 0 0
8.9e-05 63 47 110 110 18 1  0 0 0 0 0
0.002466 2543 658 3201 3201 30 1  0 0 0 0 0
0.001443 1232 684 1916 1916 26 1  0 0 0 0 0
0.001494 1306 722 1475 1475 30 1  0 0 0 0 0
0.008135 5366 3803 9169 9169 28 1  0 0 0 0 0
0.00119 935 452 1236 1236 32 1  0 0 0 0 0
0.001539 1149 760 1415 1415 26 1  0 0 0 0 0
0.000181 150 94 244 244 24 1  0 0 0 0 0
0.000443 425 180 605 605 20 1  0 0 0 0 0
0.000468 521 162 683 683 28 1  0 0 0 0 0
0.001262 1173 275 1448 1448 32 1  0 0 0 0 0
0.002413 2056 971 3027 3027 28 1  0 0 0 0 0
0.019662 11157 6238 13823 13823 30 1  0 0 0 0 0
0.002822 2068 1257 3325 3325 24 1  0 0 0 0 0
0.000173 135 94 229 229 24 1  0 0 0 0 0
0.003053 2137 1977 4114 4114 28 1  0 0 0 0 0
0.001721 1703 554 2257 2257 24 1  0 0 0 0 0
0.006069 5364 2070 6083 6083 30 1  0 0 0 0 0
0.002299 1758 1305 2712 2712 28 1  0 0 0 0 0
4e-05 26 24 49 49 18 1  0 0 0 0 0
0.003371 2838 1639 4058 4058 30 1  0 0 0 0 0
8.2e-05 35 66 101 101 21 1  0 0 0 0 0
0.009776 9043 831 9874 9874 33 1  0 0 0 0 0
0.001336 1085 681 1525 1525 25 1  0 0 0 0 0
0.000546 525 229 754 754 23 1  0 0 0 0 0
0.000575 512 277 767 767 21 1  0 0 0 0 0
0.001529 1114 960 1922 1922 27 1  0 0 0 0 0
4.8e-05 47 12 59 59 23 1  0 0 0 0 0
0.003591 2130 2577 4183 4183 29 1  0 0 0 0 0
0.000101 68 62 130 130 21 1  0 0 0 0 0
0.000247 180 151 331 331 19 1  0 0 0 0 0
0.003735 3098 1765 4863 4863 27 1  0 0 0 0 0
0.000318 332 101 433 433 21 1  0 0 0 0 0
4.8e-05 36 25 61 61 21 1  0 0 0 0 0
0.001096 1171 224 1395 1395 27 1  0 0 0 0 0
0.082647 27295 18787 39254 39254 31 1  0 0 0 0 0
0.000603 531 169 700 700 23 1  0 0 0 0 0
0.001486 1461 524 1985 1985 27 1  0 0 0 0 0
4.4e-05 34 25 57 57 19 1  0 0 0 0 0
0.000157 126 85 211 211 19 1  0 0 0 0 0
0.000304 324 93 417 417 23 1  0 0 0 0 0
5.7e-05 57 19 76 76 23 1  0 0 0 0 0
0.000375 427 102 529 529 21 1  0 0 0 0 0
0.000137 119 61 166 166 21 1  0 0 0 0 0
3.5e-05 24 12 36 36 23 1  0 0 0 0 0
0.000301 286 112 398 398 23 1  0 0 0 0 0
0.006503 3712 3215 5805 5805 25 1  0 0 0 0 0
0.000129 115 51 166 166 21 1  0 0 0 0 0
4.3e-05 36 15 49 49 17 1  0 0 0 0 0
0.004553 3634 1496 4460 4460 29 1  0 0 0 0 0
0.000458 519 114 633 633 23 1  0 0 0 0 0
