4.82558
0.527187
0.08374
0.447428
20.7423
0.00162
1.92574
2.77321
0.382351
0.023508
0.891766
0.000433
0.572312
0.005306
0.580725
1.34548
2.25328
1.22218
1.11047
0.002602
0.000204
1.63133
0.408699
0.003663
0.005022
3.9e-05
0.643578
0.025955
6.16774
0.146024
2.5814
0.112962
0.435039
5.21162
0.036866
2.12227
7.05384
0.261608
2.4e-05
13.7351
0.000316
0.040584
0.035127
0.423224
0.322509
0.419288
0.432922
0.01021
0.485391
0.000393
0.392792
0.127489
0.149914
3.36329
0.063321
0.121724
0.001604
0.010532
0.012825
0.069722
0.330027
11.8761
0.423751
0.00135
0.601511
0.180816
2.12109
0.347363
0.000106
0.776456
0.000341
3.75376
0.108568
0.015749
0.017885
0.151568
0.000148
0.826411
0.000473
0.00282
0.883162
0.005071
0.000138
0.062643
85.2938
0.013997
0.154391
0.000123
0.001173
0.005067
0.000197
0.008087
0.000932
6.2e-05
0.004171
1.71546
0.000798
0.000127
0.970308
0.011261
