4.82558 7745 3286 8798 8798 34 0  0 0 0 0 0
0.527187 2623 1160 3783 3783 28 0  0 0 0 0 0
0.08374 1039 594 1216 1216 26 0  0 0 0 0 0
0.447428 2145 1339 2549 2549 28 0  0 0 0 0 0
20.7423 14294 8943 17539 17539 34 0  0 0 0 0 0
0.00162 150 91 177 177 22 0  0 0 0 0 0
1.92574 4739 2327 5475 5475 32 0  0 0 0 0 0
2.77321 5460 2929 8389 8389 28 0  0 0 0 0 0
0.382351 2208 1048 2644 2644 34 0  0 0 0 0 0
0.023508 592 296 888 888 24 0  0 0 0 0 0
0.891766 2814 2075 3468 3468 30 0  0 0 0 0 0
0.000433 83 45 128 128 26 0  0 0 0 0 0
0.572312 2522 1349 2859 2859 30 0  0 0 0 0 0
0.005306 145 315 460 460 28 0  0 0 0 0 0
0.580725 1556 2407 2476 2476 30 0  0 0 0 0 0
1.34548 3518 2452 4667 4667 30 0  0 0 0 0 0
2.25328 4239 3320 6010 6010 30 0  0 0 0 0 0
1.22218 3622 1984 4719 4719 32 0  0 0 0 0 0
1.11047 2575 2945 3779 3779 30 0  0 0 0 0 0
0.002602 179 156 335 335 30 0  0 0 0 0 0
0.000204 38 43 81 81 24 0  0 0 0 0 0
1.63133 3743 2835 4543 4543 32 0  0 0 0 0 0
0.408699 2641 693 2869 2869 28 0  0 0 0 0 0
0.003663 249 118 367 367 24 0  0 0 0 0 0
0.005022 316 132 448 448 26 0  0 0 0 0 0
3.9e-05 17 8 25 25 16 0  0 0 0 0 0
0.643578 3024 1102 4126 4126 26 0  0 0 0 0 0
0.025955 714 200 914 914 28 0  0 0 0 0 0
6.16774 6882 5616 8968 8968 32 0  0 0 0 0 0
0.146024 1291 813 1937 1937 28 0  0 0 0 0 0
2.5814 2114 5979 8093 8093 32 0  0 0 0 0 0
0.112962 866 984 1423 1423 30 0  0 0 0 0 0
0.435039 2484 946 2934 2934 30 0  0 0 0 0 0
5.21162 7088 4384 11472 11472 30 0  0 0 0 0 0
0.036866 876 215 1091 1091 24 0  0 0 0 0 0
2.12227 5697 1712 7409 7409 32 0  0 0 0 0 0
7.05384 9721 3478 13199 13199 34 0  0 0 0 0 0
0.261608 1455 1279 1929 1929 28 0  0 0 0 0 0
2.4e-05 8 8 16 16 16 0  0 0 0 0 0
13.7351 14162 4239 18401 18401 32 0  0 0 0 0 0
0.000316 55 46 101 101 20 0  0 0 0 0 0
0.040584 710 437 1147 1147 20 0  0 0 0 0 0
0.035127 718 358 826 826 30 0  0 0 0 0 0
0.423224 2216 1227 2610 2610 30 0  0 0 0 0 0
0.322509 1678 1319 2033 2033 32 0  0 0 0 0 0
0.419288 1847 1646 2263 2263 32 0  0 0 0 0 0
0.432922 2176 1256 3432 3432 26 0  0 0 0 0 0
0.01021 488 102 590 590 24 0  0 0 0 0 0
0.485391 2421 1225 3646 3646 34 0  0 0 0 0 0
0.000393 63 47 110 110 18 0  0 0 0 0 0
0.392792 2538 658 3196 3196 30 0  0 0 0 0 0
0.127489 1232 677 1909 1909 26 0  0 0 0 0 0
0.149914 1306 722 1502 1502 30 0  0 0 0 0 0
3.36329 5366 3890 9256 9256 28 0  0 0 0 0 0
0.063321 935 452 1236 1236 32 0  0 0 0 0 0
0.121724 1149 760 1462 1462 26 0  0 0 0 0 0
0.001604 150 94 244 244 24 0  0 0 0 0 0
0.010532 425 180 605 605 20 0  0 0 0 0 0
0.012825 521 162 683 683 28 0  0 0 0 0 0
0.069722 1172 275 1447 1447 32 0  0 0 0 0 0
0.330027 2056 974 3030 3030 28 0  0 0 0 0 0
11.8761 11157 6238 13660 13660 30 0  0 0 0 0 0
0.423751 2068 1281 3349 3349 24 0  0 0 0 0 0
0.00135 133 94 227 227 24 0  0 0 0 0 0
0.601511 2137 1983 4120 4120 28 0  0 0 0 0 0
0.180816 1693 554 2247 2247 24 0  0 0 0 0 0
2.12109 5364 2070 6082 6082 30 0  0 0 0 0 0
0.347363 1758 1305 2711 2711 28 0  0 0 0 0 0
0.000106 26 24 49 49 18 0  0 0 0 0 0
0.776456 2838 1639 4072 4072 30 0  0 0 0 0 0
0.000341 35 66 101 101 21 0  0 0 0 0 0
3.75376 9043 831 9874 9874 33 0  0 0 0 0 0
0.108568 1085 681 1666 1666 25 0  0 0 0 0 0
0.015749 525 229 754 754 23 0  0 0 0 0 0
0.017885 512 277 759 759 21 0  0 0 0 0 0
0.151568 1114 960 1980 1980 27 0  0 0 0 0 0
0.000148 47 12 59 59 23 0  0 0 0 0 0
0.826411 2130 2577 4150 4150 29 0  0 0 0 0 0
0.000473 68 62 130 130 21 0  0 0 0 0 0
0.00282 180 151 331 331 19 0  0 0 0 0 0
0.883162 3098 1769 4867 4867 27 0  0 0 0 0 0
0.005071 325 101 426 426 21 0  0 0 0 0 0
0.000138 36 25 61 61 21 0  0 0 0 0 0
0.062643 1171 224 1395 1395 27 0  0 0 0 0 0
85.2938 27295 18787 38949 38949 31 0  0 0 0 0 0
0.013997 531 169 700 700 23 0  0 0 0 0 0
0.154391 1464 524 1988 1988 27 0  0 0 0 0 0
0.000123 34 25 57 57 19 0  0 0 0 0 0
0.001173 125 85 210 210 19 0  0 0 0 0 0
0.005067 339 93 432 432 23 0  0 0 0 0 0
0.000197 57 19 76 76 23 0  0 0 0 0 0
0.008087 427 102 529 529 21 0  0 0 0 0 0
0.000932 119 61 166 166 21 0  0 0 0 0 0
6.2e-05 24 12 36 36 23 0  0 0 0 0 0
0.004171 286 112 398 398 23 0  0 0 0 0 0
1.71546 3712 3215 5993 5993 25 0  0 0 0 0 0
0.000798 115 51 166 166 21 0  0 0 0 0 0
0.000127 36 15 49 49 17 0  0 0 0 0 0
0.970308 3634 1496 4549 4549 29 0  0 0 0 0 0
0.011261 518 114 632 632 23 0  0 0 0 0 0
