1.07174 3545 1719 4055 4055 34 0  0 0 0 0 0
0.001739 137 118 255 255 28 0  0 0 0 0 0
0.039035 687 447 817 817 26 0  0 0 0 0 0
0.084686 971 602 1151 1151 28 0  0 0 0 0 0
1.74589 5403 1328 5822 5822 34 0  0 0 0 0 0
0.000861 82 87 109 109 22 0  0 0 0 0 0
0.151124 1269 825 2094 2094 32 0  0 0 0 0 0
0.11129 1100 655 1755 1755 28 0  0 0 0 0 0
0.020639 407 453 634 634 34 0  0 0 0 0 0
0.011328 425 185 610 610 24 0  0 0 0 0 0
0.149225 1257 724 1574 1574 30 0  0 0 0 0 0
0.00025 55 34 89 89 26 0  0 0 0 0 0
0.15826 1194 781 1449 1449 30 0  0 0 0 0 0
0.002076 127 156 283 283 28 0  0 0 0 0 0
0.214316 961 1366 1511 1511 30 0  0 0 0 0 0
0.272735 1221 1333 1896 1896 30 0  0 0 0 0 0
0.301022 1760 902 2104 2104 30 0  0 0 0 0 0
0.270754 1636 1016 2652 2652 32 0  0 0 0 0 0
0.158236 775 1297 1175 1175 30 0  0 0 0 0 0
0.000242 29 55 84 84 30 0  0 0 0 0 0
0.000133 14 43 57 57 24 0  0 0 0 0 0
0.006798 339 144 472 472 32 0  0 0 0 0 0
0.022623 635 213 689 689 28 0  0 0 0 0 0
0.000327 54 47 101 101 24 0  0 0 0 0 0
0.000821 75 96 171 171 26 0  0 0 0 0 0
4.8e-05 16 8 24 24 16 0  0 0 0 0 0
0.128598 1363 484 1847 1847 26 0  0 0 0 0 0
0.008828 361 180 541 541 28 0  0 0 0 0 0
0.551921 2363 1440 3803 3803 32 0  0 0 0 0 0
0.072107 898 536 1305 1305 28 0  0 0 0 0 0
0.180512 914 1270 2184 2184 32 0  0 0 0 0 0
0.007316 266 260 361 361 30 0  0 0 0 0 0
0.079629 902 632 1164 1164 30 0  0 0 0 0 0
0.46711 2216 1282 3498 3498 30 0  0 0 0 0 0
0.016729 580 145 725 725 24 0  0 0 0 0 0
0.801735 3347 1150 4497 4497 32 0  0 0 0 0 0
0.518807 2507 1246 3753 3753 34 0  0 0 0 0 0
0.07714 790 735 1056 1056 28 0  0 0 0 0 0
2.8e-05 8 8 16 16 16 0  0 0 0 0 0
4.38847 7896 2396 10292 10292 32 0  0 0 0 0 0
0.000119 31 19 50 50 20 0  0 0 0 0 0
0.018761 422 349 771 771 20 0  0 0 0 0 0
0.012997 447 209 631 631 30 0  0 0 0 0 0
0.031979 592 423 726 726 30 0  0 0 0 0 0
0.10072 1029 634 1171 1171 32 0  0 0 0 0 0
0.032187 368 653 725 725 32 0  0 0 0 0 0
0.122732 1254 591 1845 1845 26 0  0 0 0 0 0
0.004202 289 90 379 379 24 0  0 0 0 0 0
0.001518 127 126 253 253 34 0  0 0 0 0 0
5.9e-05 17 12 29 29 18 0  0 0 0 0 0
0.01093 403 213 616 616 30 0  0 0 0 0 0
0.02197 624 206 830 830 26 0  0 0 0 0 0
0.041114 668 446 811 811 30 0  0 0 0 0 0
0.925053 2547 2152 4699 4699 28 0  0 0 0 0 0
0.022773 534 314 848 848 32 0  0 0 0 0 0
0.007854 225 298 340 340 26 0  0 0 0 0 0
0.000445 65 55 120 120 24 0  0 0 0 0 0
0.001435 175 49 224 224 20 0  0 0 0 0 0
0.001103 95 109 204 204 28 0  0 0 0 0 0
0.024577 778 74 852 852 32 0  0 0 0 0 0
0.088526 1082 529 1611 1611 28 0  0 0 0 0 0
6.08775 7979 4065 9613 9613 30 0  0 0 0 0 0
0.153258 1077 963 2040 2040 24 0  0 0 0 0 0
0.000943 140 25 165 165 24 0  0 0 0 0 0
0.250788 1456 1164 2620 2620 28 0  0 0 0 0 0
0.083529 1187 339 1526 1526 24 0  0 0 0 0 0
0.528573 2559 1076 2909 2909 30 0  0 0 0 0 0
0.051067 680 553 991 991 28 0  0 0 0 0 0
0.000116 26 24 49 49 18 0  0 0 0 0 0
0.21484 1250 1152 2097 2097 30 0  0 0 0 0 0
0.000771 115 32 147 147 21 0  0 0 0 0 0
0.042487 1072 96 1168 1168 33 0  0 0 0 0 0
0.012414 437 168 594 594 25 0  0 0 0 0 0
0.006781 326 138 464 464 23 0  0 0 0 0 0
0.002048 168 99 262 262 21 0  0 0 0 0 0
0.048643 637 530 1122 1122 27 0  0 0 0 0 0
5.3e-05 13 12 25 25 23 0  0 0 0 0 0
0.211432 1423 933 2187 2187 29 0  0 0 0 0 0
0.00011 37 10 47 47 21 0  0 0 0 0 0
0.001827 159 92 251 251 19 0  0 0 0 0 0
0.319335 1976 907 2883 2883 27 0  0 0 0 0 0
0.001168 140 46 186 186 21 0  0 0 0 0 0
0.000141 33 25 58 58 21 0  0 0 0 0 0
0.001714 114 136 250 250 27 0  0 0 0 0 0
20.9467 15239 6941 19639 19639 31 0  0 0 0 0 0
0.007066 397 76 473 473 23 0  0 0 0 0 0
0.013092 502 145 647 647 27 0  0 0 0 0 0
0.000134 34 24 57 57 19 0  0 0 0 0 0
0.000747 96 59 155 155 19 0  0 0 0 0 0
0.001755 161 82 243 243 23 0  0 0 0 0 0
0.000131 30 23 53 53 23 0  0 0 0 0 0
0.0039 278 78 356 356 21 0  0 0 0 0 0
0.000803 102 57 148 148 21 0  0 0 0 0 0
4.4e-05 12 12 24 24 23 0  0 0 0 0 0
0.002297 224 54 278 278 23 0  0 0 0 0 0
0.309886 1508 1430 2697 2697 25 0  0 0 0 0 0
0.000484 80 38 118 118 21 0  0 0 0 0 0
0.000101 28 13 40 40 17 0  0 0 0 0 0
0.071651 1013 469 1373 1373 29 0  0 0 0 0 0
0.004139 299 69 368 368 23 0  0 0 0 0 0
