5264  1.07174
255  0.001739
1134  0.039035
1573  0.084686
6731  1.74589
169  0.000861
2094  0.151124
1755  0.11129
860  0.020639
610  0.011328
1981  0.149225
89  0.00025
1975  0.15826
283  0.002076
2327  0.214316
2554  0.272735
2662  0.301022
2652  0.270754
2072  0.158236
84  0.000242
57  0.000133
483  0.006798
848  0.022623
101  0.000327
171  0.000821
24  4.8e-05
1847  0.128598
541  0.008828
3803  0.551921
1434  0.072107
2184  0.180512
526  0.007316
1534  0.079629
3498  0.46711
725  0.016729
4497  0.801735
3753  0.518807
1525  0.07714
16  2.8e-05
10292  4.38847
50  0.000119
771  0.018761
656  0.012997
1015  0.031979
1663  0.10072
1021  0.032187
1845  0.122732
379  0.004202
253  0.001518
29  5.9e-05
616  0.01093
830  0.02197
1114  0.041114
4699  0.925053
848  0.022773
523  0.007854
120  0.000445
224  0.001435
204  0.001103
852  0.024577
1611  0.088526
12044  6.08775
2040  0.153258
165  0.000943
2620  0.250788
1526  0.083529
3635  0.528573
1233  0.051067
50  0.000116
2402  0.21484
147  0.000771
1168  0.042487
605  0.012414
464  0.006781
267  0.002048
1167  0.048643
25  5.3e-05
2356  0.211432
47  0.00011
251  0.001827
2883  0.319335
186  0.001168
58  0.000141
250  0.001714
22180  20.9467
473  0.007066
647  0.013092
58  0.000134
155  0.000747
243  0.001755
53  0.000131
356  0.0039
159  0.000803
24  4.4e-05
278  0.002297
2938  0.309886
118  0.000484
41  0.000101
1482  0.071651
368  0.004139
