1.07174
0.001739
0.039035
0.084686
1.74589
0.000861
0.151124
0.11129
0.020639
0.011328
0.149225
0.00025
0.15826
0.002076
0.214316
0.272735
0.301022
0.270754
0.158236
0.000242
0.000133
0.006798
0.022623
0.000327
0.000821
4.8e-05
0.128598
0.008828
0.551921
0.072107
0.180512
0.007316
0.079629
0.46711
0.016729
0.801735
0.518807
0.07714
2.8e-05
4.38847
0.000119
0.018761
0.012997
0.031979
0.10072
0.032187
0.122732
0.004202
0.001518
5.9e-05
0.01093
0.02197
0.041114
0.925053
0.022773
0.007854
0.000445
0.001435
0.001103
0.024577
0.088526
6.08775
0.153258
0.000943
0.250788
0.083529
0.528573
0.051067
0.000116
0.21484
0.000771
0.042487
0.012414
0.006781
0.002048
0.048643
5.3e-05
0.211432
0.00011
0.001827
0.319335
0.001168
0.000141
0.001714
20.9467
0.007066
0.013092
0.000134
0.000747
0.001755
0.000131
0.0039
0.000803
4.4e-05
0.002297
0.309886
0.000484
0.000101
0.071651
0.004139
