11031  4.82558
3783  0.527187
1633  0.08374
3484  0.447428
23237  20.7423
241  0.00162
7066  1.92574
8389  2.77321
3256  0.382351
888  0.023508
4889  0.891766
128  0.000433
3871  0.572312
460  0.005306
3963  0.580725
5970  1.34548
7559  2.25328
5606  1.22218
5520  1.11047
335  0.002602
81  0.000204
6578  1.63133
3334  0.408699
367  0.003663
448  0.005022
25  3.9e-05
4126  0.643578
914  0.025955
12498  6.16774
2104  0.146024
8093  2.5814
1850  0.112962
3430  0.435039
11472  5.21162
1091  0.036866
7409  2.12227
13199  7.05384
2734  0.261608
16  2.4e-05
18401  13.7351
101  0.000316
1147  0.040584
1076  0.035127
3443  0.423224
2997  0.322509
3493  0.419288
3432  0.432922
590  0.01021
3646  0.485391
110  0.000393
3196  0.392792
1909  0.127489
2028  0.149914
9256  3.36329
1387  0.063321
1909  0.121724
244  0.001604
605  0.010532
683  0.012825
1447  0.069722
3030  0.330027
17395  11.8761
3349  0.423751
227  0.00135
4120  0.601511
2247  0.180816
7434  2.12109
3063  0.347363
50  0.000106
4477  0.776456
101  0.000341
9874  3.75376
1766  0.108568
754  0.015749
789  0.017885
2074  0.151568
59  0.000148
4707  0.826411
130  0.000473
331  0.00282
4867  0.883162
426  0.005071
61  0.000138
1395  0.062643
46082  85.2938
700  0.013997
1988  0.154391
59  0.000123
210  0.001173
432  0.005067
76  0.000197
529  0.008087
180  0.000932
36  6.2e-05
398  0.004171
6927  1.71546
166  0.000798
51  0.000127
5130  0.970308
632  0.011261
