  5  13   2   3  10   1   9   4   0   8   6   7  14  15  11  12 
  5  13   2   3   0   1   9   4  10   8   6   7  14  15  11  12 
  5  13   2   3   1   0   9   4  10   8   6   7  14  15  11  12 
  5   0   2   3   1  13   9   4  10   8   6   7  14  15  11  12 
  0   5   2   3   1  13   9   4  10   8   6   7  14  15  11  12 
  1   5   2   3   0  13   9   4  10   8   6   7  14  15  11  12 
  1   5   2   3  13   0   9   4  10   8   6   7  14  15  11  12 
  1   5   2   3  13   9   0   4  10   8   6   7  14  15  11  12 
  1   5   2   3  13   9   6   4  10   8   0   7  14  15  11  12 
  1   5   2   3  13   9   6   4  10   0   8   7  14  15  11  12 
  1   5   2   3  13   9   6   4   0  10   8   7  14  15  11  12 
  1   5   2   3   0   9   6   4  13  10   8   7  14  15  11  12 
  1   5   2   3   9   0   6   4  13  10   8   7  14  15  11  12 
  1   0   2   3   9   5   6   4  13  10   8   7  14  15  11  12 
  1   2   0   3   9   5   6   4  13  10   8   7  14  15  11  12 
  1   2   3   0   9   5   6   4  13  10   8   7  14  15  11  12 
  1   2   3   4   9   5   6   0  13  10   8   7  14  15  11  12 
  1   2   3   4   9   5   6   7  13  10   8   0  14  15  11  12 
  1   2   3   4   9   5   6   7  13  10   0   8  14  15  11  12 
  1   2   3   4   9   5   6   7  13  10  11   8  14  15   0  12 
  1   2   3   4   9   5   6   7  13  10  11   8  14   0  15  12 
  1   2   3   4   9   5   6   7  13  10  11   8   0  14  15  12 
  1   2   3   4   9   5   6   7   0  10  11   8  13  14  15  12 
  1   2   3   4   0   5   6   7   9  10  11   8  13  14  15  12 
  1   2   3   4   5   0   6   7   9  10  11   8  13  14  15  12 
  1   2   3   4   5   6   0   7   9  10  11   8  13  14  15  12 
  1   2   3   4   5   6   7   0   9  10  11   8  13  14  15  12 
  1   2   3   4   5   6   7   8   9  10  11   0  13  14  15  12 
  1   2   3   4   5   6   7   8   9  10  11  12  13  14  15   0 
