2 7e-06
2 6e-06
2 7e-06
2 6e-06
3 8e-06
2 7e-06
2 7e-06
2 7e-06
4 8e-06
5 9e-06
3 7e-06
12 1.5e-05
10 1.2e-05
5 1e-05
10 1.2e-05
7 9e-06
3 8e-06
5 1.5e-05
9 2.4e-05
7 1e-05
8 3.1e-05
7 1.1e-05
12 1.3e-05
6 1e-05
9 1.8e-05
12 1.3e-05
9 1.7e-05
14 1.3e-05
13 1.6e-05
16 1.4e-05
11 1.4e-05
14 1.3e-05
17 1.3e-05
15 1.3e-05
22 1.7e-05
49 2.2e-05
22 1.6e-05
11 1.3e-05
18 1.7e-05
18 1.6e-05
26 2e-05
44 2.2e-05
32 2e-05
12 1.4e-05
20 1.8e-05
17 1.6e-05
17 1.7e-05
28 1.9e-05
25 2.2e-05
63 3.1e-05
25 2e-05
50 2.5e-05
58 2.4e-05
41 2.3e-05
52 2.4e-05
29 1.9e-05
49 3.8e-05
51 2.7e-05
39 2.3e-05
19 1.9e-05
44 2.4e-05
18 2e-05
37 2.4e-05
57 2.5e-05
78 3.2e-05
22 2e-05
103 4.2e-05
19 1.9e-05
78 3.6e-05
115 4.2e-05
254 7.8e-05
46 2.8e-05
27 2.2e-05
41 2.7e-05
30 2.3e-05
38 2.5e-05
23 2.1e-05
66 3.3e-05
98 4.1e-05
47 2.4e-05
74 3e-05
60 3e-05
108 4.7e-05
71 3.7e-05
54 2.9e-05
77 3.7e-05
24 2.3e-05
88 4e-05
34 2.7e-05
170 6.4e-05
89 4e-05
116 4.6e-05
55 3.3e-05
72 3e-05
212 7.5e-05
81 3.8e-05
118 4.3e-05
76 3.3e-05
223 8.1e-05
508 0.000146
80 3.9e-05
41 2.9e-05
186 7.2e-05
106 4.1e-05
119 4.8e-05
382 0.00013
134 5.5e-05
150 5.8e-05
32 2.8e-05
199 7.8e-05
158 5.5e-05
82 4.5e-05
110 4e-05
641 0.000203
186 7.1e-05
366 0.000122
102 3.5e-05
128 5.2e-05
174 5.6e-05
102 5.1e-05
447 0.000147
173 6.8e-05
781 0.000231
438 0.000152
568 0.000171
81 4.2e-05
114 5e-05
100 4.8e-05
159 6e-05
814 0.000219
271 9.5e-05
514 0.000189
280 0.000101
542 0.00018
255 8.7e-05
217 7.1e-05
119 5e-05
141 4.6e-05
238 7.7e-05
807 0.000223
925 0.000259
243 7.9e-05
86 4.7e-05
619 0.000211
453 0.000151
154 5.2e-05
577 0.000191
396 0.000155
154 6.3e-05
717 0.000252
843 0.000242
116 6e-05
198 6.4e-05
557 0.000159
196 7.4e-05
302 9.5e-05
750 0.00028
171 6.9e-05
668 0.000234
728 0.000248
399 0.000144
356 0.000137
558 0.000203
196 6.4e-05
265 8.6e-05
260 9e-05
471 0.000165
767 0.000255
585 0.000196
208 7.5e-05
345 0.000115
255 8.4e-05
296 9.7e-05
390 0.000104
312 0.000103
712 0.000242
391 0.000124
200 7.6e-05
375 0.000137
206 6.8e-05
1309 0.000394
300 9.1e-05
904 0.000307
1259 0.000355
189 6.5e-05
993 0.00033
990 0.000338
750 0.000255
413 0.000112
955 0.000307
1304 0.000363
1472 0.000441
846 0.00026
346 0.0001
337 0.000114
192 7.4e-05
225 7e-05
185 6.5e-05
604 0.000203
1095 0.000419
253 8.6e-05
365 0.000122
379 0.000115
1020 0.000313
901 0.000287
960 0.000313
648 0.000219
1399 0.000471
402 0.000109
853 0.000273
668 0.000227
387 0.000106
1289 0.000422
1222 0.000415
808 0.000261
1342 0.000387
376 0.000115
1048 0.000344
1178 0.000394
318 9.4e-05
424 0.000117
803 0.000288
392 0.000128
733 0.000259
1666 0.000499
1072 0.000384
1329 0.000466
91 4.9e-05
1234 0.000371
955 0.000364
748 0.000251
1712 0.000488
1224 0.000454
1198 0.000426
993 0.000321
526 0.000176
532 0.000165
139 6.1e-05
691 0.000216
343 0.000111
617 0.000189
2112 0.000689
2322 0.000703
1502 0.000517
340 0.000117
1805 0.000575
1285 0.000419
487 0.000139
320 0.00011
424 0.000118
1603 0.000458
1796 0.000506
1357 0.000439
1443 0.000464
239 0.000101
2391 0.000626
1267 0.000401
1881 0.000597
2020 0.000659
2014 0.00057
1502 0.000462
1517 0.000485
1635 0.000585
1177 0.000436
1864 0.000596
1508 0.000376
2124 0.000654
491 0.000157
646 0.000208
838 0.00027
2636 0.000718
2508 0.000833
1625 0.000555
2219 0.000803
2209 0.000617
503 0.000183
1771 0.000526
2385 0.0008
1613 0.000574
2604 0.000813
1499 0.000518
1857 0.000599
1996 0.000602
1087 0.000367
2298 0.000614
1629 0.000453
3129 0.000905
1110 0.000423
2077 0.000725
1294 0.000418
1703 0.000511
1353 0.000451
1651 0.00056
1651 0.000539
1441 0.000477
2185 0.000758
758 0.000344
1335 0.000443
1627 0.000529
1673 0.000547
2076 0.000718
1618 0.000545
631 0.000196
1603 0.000534
1585 0.000547
1821 0.000626
522 0.00014
2301 0.000815
2452 0.000847
3338 0.000885
2378 0.000718
3017 0.001059
966 0.000254
3174 0.001116
656 0.0002
1864 0.000613
1040 0.000299
3290 0.000869
948 0.000335
2993 0.000932
3402 0.001068
3554 0.001211
3121 0.001123
2052 0.00063
3073 0.000958
3702 0.000972
1583 0.000506
2394 0.00079
2893 0.000792
3455 0.001175
3432 0.001077
2679 0.000924
2208 0.000743
1896 0.000635
1867 0.00063
785 0.000205
2852 0.000955
2569 0.000909
662 0.000186
3342 0.000974
1817 0.000643
1248 0.000421
3392 0.001426
2906 0.001024
3191 0.001257
829 0.000286
2347 0.000844
3198 0.000938
2389 0.000791
3349 0.001173
3319 0.000891
2590 0.000824
1429 0.000422
1271 0.000398
3939 0.001224
2745 0.000586
2384 0.000709
2741 0.000917
2206 0.000728
2678 0.000948
1046 0.000315
2509 0.000839
3364 0.0012
596 0.000182
2883 0.000937
2233 0.000724
1983 0.000658
3979 0.001251
3037 0.00097
2638 0.000848
3924 0.001358
2247 0.000794
736 0.000218
3649 0.001282
2038 0.000663
1771 0.00059
1985 0.000655
2552 0.000934
3994 0.001261
3390 0.001002
4509 0.001479
3602 0.001648
4137 0.001052
4048 0.001422
1982 0.000642
4969 0.001456
3626 0.001242
3405 0.000973
5412 0.00131
2708 0.00086
2758 0.000917
2080 0.00075
4053 0.001368
2637 0.000846
2859 0.000961
2670 0.000861
4967 0.001699
3747 0.001272
2209 0.000747
1604 0.000532
1717 0.000609
4057 0.00122
2647 0.000869
1238 0.000333
4917 0.001693
5206 0.001629
3166 0.000966
3229 0.001169
3070 0.001028
5072 0.001613
4213 0.001239
4350 0.001346
5380 0.001741
2882 0.000928
2144 0.00069
4461 0.001277
3268 0.00103
2945 0.00102
4943 0.00134
4613 0.001131
2918 0.000946
3339 0.001071
1959 0.000618
4007 0.001306
3999 0.001227
4849 0.001672
1074 0.000425
2975 0.00096
1694 0.000534
3300 0.001161
5263 0.001439
5455 0.001326
3602 0.001164
4083 0.001297
2659 0.000944
3878 0.001279
1737 0.000446
3544 0.001083
2503 0.000845
2219 0.000765
4298 0.001382
2478 0.00081
3798 0.00122
3886 0.001259
5088 0.001253
5335 0.001479
515 0.000172
2213 0.000707
6084 0.001637
4991 0.001625
3949 0.001141
4942 0.001449
4975 0.001692
5502 0.001597
3903 0.001346
3974 0.00115
3175 0.00105
3718 0.001292
3222 0.000983
4078 0.001403
6211 0.001917
6373 0.001607
3536 0.001168
6133 0.001614
5642 0.001849
6002 0.001695
4837 0.001581
6026 0.001721
3234 0.000981
4709 0.001521
4987 0.001657
2152 0.00074
4504 0.001455
5323 0.001527
2843 0.000974
5793 0.001926
2757 0.000911
6307 0.001572
1702 0.000538
3775 0.001221
4749 0.001519
6249 0.001973
4439 0.001522
4287 0.001416
5316 0.001834
3889 0.001236
4327 0.001477
4881 0.001523
4658 0.001341
4083 0.001306
3528 0.001201
4967 0.001707
5083 0.001624
2015 0.000634
5071 0.001791
3881 0.001369
3689 0.001168
5893 0.001837
5729 0.001902
6512 0.002031
7274 0.001857
3498 0.00109
4642 0.001431
6485 0.002098
5990 0.001622
4746 0.001521
5892 0.001795
4391 0.001389
4574 0.001563
4848 0.001615
4344 0.001526
6029 0.00185
6028 0.001988
6101 0.001977
5996 0.001857
5787 0.001526
4736 0.001615
6617 0.001943
5178 0.001562
3868 0.001304
8111 0.002182
7538 0.001794
6514 0.00205
4534 0.001543
7825 0.002093
5914 0.001786
5472 0.001791
6470 0.002076
5530 0.001923
7139 0.001739
6362 0.001821
7138 0.002068
7905 0.00217
4603 0.001519
6475 0.002263
7453 0.002206
4618 0.001489
7185 0.002031
7461 0.002301
6224 0.002048
5254 0.001774
6398 0.002
6986 0.002075
2663 0.000858
5053 0.001704
7913 0.001848
5101 0.001711
7767 0.002478
6862 0.002147
5218 0.001689
5757 0.002016
7273 0.002134
5757 0.001684
5404 0.001824
5327 0.001802
6967 0.002153
5472 0.001606
6871 0.001966
6299 0.00206
7454 0.002187
6889 0.0022
6348 0.001902
7596 0.002086
3272 0.001097
5839 0.001953
9158 0.002303
6051 0.002081
7196 0.001957
4767 0.00166
6658 0.002036
8424 0.002775
8722 0.002438
5660 0.00184
6895 0.002109
5882 0.002101
6689 0.001936
6356 0.001851
7859 0.002724
6021 0.002136
7167 0.001927
7978 0.002233
6662 0.001931
5613 0.001924
7367 0.002209
6644 0.002405
5776 0.001921
6746 0.002304
7019 0.001984
6151 0.002132
5482 0.001668
7872 0.002542
8688 0.002206
4699 0.001606
6443 0.001837
8680 0.002309
6041 0.002065
8145 0.002313
6270 0.002239
7302 0.002348
8645 0.00265
6810 0.001607
8077 0.002804
8439 0.00224
5960 0.00208
5817 0.002009
9962 0.003035
6076 0.00206
5516 0.001924
10700 0.002996
7914 0.002008
6980 0.001717
7788 0.002267
8470 0.002435
5532 0.001927
5358 0.001859
7480 0.002301
7844 0.002625
7943 0.002236
6347 0.002231
8753 0.002334
8561 0.002175
1003 0.000339
10038 0.002739
6211 0.002248
5446 0.001759
3056 0.001009
8039 0.002272
7975 0.002193
8978 0.002841
6824 0.00246
8747 0.002716
6572 0.002413
8507 0.002344
9701 0.003178
5553 0.001864
8262 0.002506
7342 0.002399
6826 0.001796
9686 0.003211
8278 0.002406
8965 0.002455
9132 0.002943
6963 0.002345
7707 0.002252
5812 0.001697
5440 0.001787
7453 0.002611
6847 0.002314
4310 0.001451
5519 0.001958
9827 0.002811
8681 0.00248
3739 0.001282
7097 0.002402
6941 0.002074
8118 0.002118
9385 0.003067
8387 0.002265
9155 0.003017
9069 0.002704
10356 0.00309
7212 0.002459
8542 0.002289
8360 0.002627
9444 0.002605
4970 0.001659
9367 0.002659
7638 0.002341
6094 0.002119
8757 0.002871
5950 0.001866
8153 0.002711
5378 0.002023
6709 0.002438
10127 0.002756
11273 0.003021
8178 0.002343
5507 0.001843
9337 0.002716
9605 0.002686
10999 0.002628
9216 0.002925
4060 0.001438
7528 0.002427
8019 0.002609
4477 0.001561
10081 0.002863
8670 0.002628
6676 0.002076
6345 0.002276
4347 0.001474
6786 0.0023
9238 0.00316
11253 0.003064
9816 0.002795
10168 0.002954
6308 0.002385
5618 0.001999
9208 0.003194
9257 0.002773
10083 0.002832
8260 0.002218
11435 0.003329
11445 0.003221
9234 0.002715
9420 0.002516
4598 0.0016
9358 0.002786
8771 0.002952
9995 0.002744
5725 0.002074
9989 0.002768
9301 0.002767
7211 0.002166
9451 0.002811
9754 0.002608
10023 0.003095
9886 0.003195
8788 0.002617
11115 0.002802
10464 0.003348
11190 0.002786
9390 0.002748
10103 0.003362
9622 0.002322
7552 0.00214
9317 0.002605
9917 0.003276
7933 0.002601
9776 0.00331
11535 0.003243
8530 0.002969
6023 0.002129
11253 0.003654
10110 0.003338
10047 0.003374
10467 0.002889
10806 0.003118
12609 0.00322
9478 0.003322
10005 0.002856
11452 0.003181
9981 0.002624
9595 0.002876
7689 0.002496
10211 0.002955
7724 0.002681
9960 0.002844
8699 0.003015
6732 0.002396
5489 0.001848
4779 0.001684
7935 0.002549
11434 0.00326
11204 0.003696
10354 0.003482
8657 0.002985
10908 0.003003
9337 0.002421
5645 0.001972
6854 0.002417
5821 0.002044
5192 0.001816
6173 0.002023
11282 0.003677
7456 0.002429
9820 0.003112
8229 0.002774
9700 0.002872
9739 0.002879
8030 0.002969
8621 0.002813
9761 0.002843
10044 0.002827
5009 0.001716
11713 0.003231
9885 0.002959
10552 0.003115
6823 0.002253
7954 0.002934
9895 0.002876
6353 0.00227
10666 0.002927
7288 0.002546
4533 0.001521
7889 0.002872
4420 0.001495
7569 0.002708
7348 0.00264
6650 0.002343
8079 0.002799
9582 0.002739
8099 0.003036
10836 0.003208
8860 0.003049
8198 0.002478
9999 0.003479
9092 0.00309
7506 0.002687
7488 0.002701
10555 0.003237
10053 0.003048
9914 0.003291
10963 0.002717
5838 0.002053
10636 0.002957
9781 0.002705
10600 0.002983
10505 0.003427
7442 0.002624
10527 0.003271
6988 0.002458
10364 0.003102
10337 0.00301
10974 0.003165
8745 0.003106
10462 0.003606
9870 0.003296
10748 0.003454
10844 0.003589
6658 0.002302
6912 0.002914
8861 0.003098
7147 0.002546
7606 0.00263
9428 0.00264
8144 0.002867
8413 0.002826
11127 0.003232
4837 0.001662
7559 0.002349
7478 0.002574
11146 0.00352
9917 0.003014
9822 0.00326
9110 0.00323
9971 0.003615
8206 0.002931
8184 0.002882
11298 0.003361
10801 0.00309
10302 0.003579
7016 0.002307
7880 0.002567
8950 0.002999
10916 0.003655
10457 0.003391
8895 0.00333
10790 0.003602
9154 0.003227
9793 0.003637
11348 0.003213
9008 0.002722
9135 0.0034
9087 0.002762
9763 0.00282
9506 0.002664
9625 0.003571
11666 0.003648
11576 0.003607
8823 0.002679
8745 0.002967
9869 0.002745
9543 0.00319
9431 0.003608
9903 0.003292
7645 0.002786
8537 0.002544
9004 0.003425
8411 0.003112
8561 0.003178
9596 0.002953
10176 0.00362
9584 0.003134
11626 0.003378
9388 0.003257
9576 0.002597
11423 0.003277
10560 0.003403
10976 0.003516
9267 0.002917
10465 0.002459
9743 0.002882
7857 0.002831
10816 0.003486
10861 0.002471
11240 0.00337
10476 0.003263
11547 0.003572
9540 0.003235
10040 0.003155
9223 0.003417
8627 0.002834
11071 0.005023
10572 0.003459
10558 0.002972
9437 0.003437
12121 0.003734
7676 0.002781
11421 0.003679
11360 0.00406
9625 0.003563
9670 0.003538
11054 0.003359
8362 0.003014
11129 0.003599
12446 0.003696
9636 0.003544
10884 0.003364
10721 0.004054
10239 0.003723
9920 0.003034
10654 0.003847
10706 0.002512
10110 0.003575
9194 0.003295
12350 0.004026
9107 0.003306
10231 0.002503
9837 0.002931
11217 0.003562
10617 0.003443
11921 0.004193
12392 0.004066
9516 0.003153
11027 0.003323
12572 0.003839
11920 0.003644
9856 0.003581
11043 0.003532
12736 0.00379
10489 0.003146
11380 0.004113
11735 0.004179
12146 0.003907
9146 0.003172
10429 0.004075
9959 0.002682
11370 0.003508
9700 0.00357
11088 0.003462
10931 0.0033
10780 0.003779
13004 0.003905
11142 0.003785
9838 0.002773
10245 0.004055
12311 0.004307
11077 0.003346
10973 0.004121
11931 0.00421
13211 0.004029
11745 0.003418
12966 0.003924
11447 0.00358
12719 0.00442
10539 0.003338
9807 0.003585
11057 0.003822
9698 0.003535
12855 0.003891
11543 0.004239
13073 0.003625
10246 0.003315
11129 0.004116
12602 0.003377
8769 0.003395
9758 0.00363
12349 0.003704
13202 0.00395
12855 0.003696
13064 0.003957
11042 0.003831
13280 0.003865
9753 0.00324
11079 0.003568
11774 0.004007
12829 0.003506
12452 0.003734
11444 0.004153
10507 0.003459
10323 0.003895
11078 0.0035
13142 0.003944
11970 0.003494
14203 0.004474
12446 0.003907
11699 0.004212
11949 0.00431
11073 0.003499
14342 0.004235
9843 0.003624
12065 0.004138
12452 0.003679
12875 0.004147
10533 0.003322
13145 0.00616
14364 0.003764
13446 0.004047
13692 0.003879
11432 0.003806
12361 0.004529
13645 0.003891
13047 0.00385
13481 0.003759
12453 0.003868
12011 0.004071
14788 0.004367
13380 0.004547
11856 0.003684
12985 0.004881
12545 0.003585
13652 0.004181
13126 0.003532
13710 0.004021
13043 0.004756
13796 0.003911
14274 0.004239
13696 0.004364
12866 0.003717
14293 0.003955
12222 0.003674
13775 0.00397
13368 0.00378
12025 0.003606
11957 0.003479
12410 0.004639
11931 0.003716
14051 0.004197
12627 0.00419
12521 0.004232
14593 0.004295
13273 0.003645
13695 0.0049
14071 0.00457
13280 0.003792
14281 0.004416
13813 0.004211
15030 0.004512
14711 0.004042
13009 0.004184
14013 0.004431
13554 0.00429
12888 0.003795
14047 0.004149
12808 0.004024
13371 0.003885
13470 0.004952
11970 0.003636
13235 0.003656
13328 0.004653
14059 0.004592
13041 0.004118
12921 0.004235
14622 0.004721
13562 0.004186
14292 0.003914
15182 0.00412
12800 0.00453
13809 0.003736
14727 0.004263
15114 0.004271
14182 0.004241
14396 0.004459
13223 0.004428
13337 0.004449
13930 0.004089
11871 0.003971
12581 0.004057
14425 0.004208
14002 0.004177
13742 0.004549
15272 0.004198
15091 0.004486
13653 0.003863
15279 0.004801
13798 0.005006
14210 0.004967
14632 0.003904
13240 0.004213
13911 0.004704
13942 0.004917
14774 0.004015
15091 0.004632
13841 0.003867
14274 0.003873
14609 0.004178
14602 0.004254
15474 0.004821
15688 0.004916
14709 0.004213
12580 0.004313
12536 0.004111
14837 0.004192
14741 0.004201
15606 0.004754
14415 0.004257
12168 0.003503
13846 0.004512
13437 0.003723
12082 0.003656
13139 0.004558
13069 0.00443
14991 0.004627
14717 0.004398
12830 0.0042
13005 0.004332
12269 0.003565
15186 0.004247
13463 0.00368
15301 0.004849
14318 0.004831
12297 0.004151
13962 0.0037
14147 0.005993
13511 0.004517
15874 0.006043
15486 0.005701
15069 0.004398
16168 0.004803
15050 0.004297
15376 0.00475
13511 0.004818
14701 0.007497
14855 0.004405
13549 0.005148
15321 0.004809
15791 0.004959
15882 0.004845
13605 0.0046
14975 0.004469
12578 0.003698
15218 0.004791
16247 0.004668
14079 0.003938
14714 0.004394
15307 0.004913
15563 0.004683
15464 0.004737
13615 0.004503
16193 0.005102
14960 0.004338
13732 0.004476
15194 0.004835
13543 0.004435
13599 0.004412
15038 0.004446
16107 0.004845
15169 0.004251
15163 0.00426
13297 0.00455
14277 0.004414
13971 0.003963
15475 0.004413
14344 0.004147
13603 0.004622
14880 0.004023
15077 0.004541
13526 0.004533
14264 0.004788
15224 0.004383
15189 0.004358
16191 0.00474
16020 0.004695
15767 0.004727
14498 0.004805
13886 0.004445
14511 0.004841
14892 0.004378
15374 0.004946
15331 0.006601
14855 0.005612
16507 0.004857
16144 0.004712
16083 0.005021
15036 0.004304
15363 0.004335
15342 0.004348
14842 0.004655
14730 0.004177
15185 0.004471
13604 0.004554
14125 0.004607
14414 0.004855
16191 0.005068
14823 0.004284
15586 0.004673
15644 0.004641
15944 0.004716
16421 0.004957
15954 0.00488
16163 0.005817
16205 0.004897
16837 0.004857
15762 0.004807
15891 0.007085
16834 0.004721
15181 0.004611
15246 0.00652
15097 0.004517
16349 0.004803
15630 0.004378
14133 0.004568
14039 0.004476
15408 0.004283
17040 0.004777
16478 0.004601
14620 0.004438
16391 0.004975
16693 0.004681
13962 0.004546
16457 0.004438
15634 0.004843
15197 0.004736
15461 0.004563
15064 0.004871
16774 0.004767
16133 0.005006
16489 0.004592
15762 0.004803
14639 0.004955
13727 0.004544
15722 0.004841
15381 0.004683
14286 0.004674
15629 0.004848
17100 0.004876
15576 0.004691
15599 0.004985
16856 0.004885
15775 0.004826
14096 0.004407
15663 0.004576
16149 0.0048
15517 0.004584
15992 0.00493
15405 0.004984
15758 0.004827
14991 0.004818
15737 0.004768
17251 0.004921
15826 0.004777
15664 0.004603
16728 0.004985
16190 0.005382
15903 0.004825
15314 0.004745
14519 0.004569
14861 0.004784
15662 0.004811
14077 0.006844
14736 0.004568
15887 0.004327
15562 0.004857
16159 0.004854
14737 0.004836
15686 0.004879
16828 0.004818
15341 0.004759
15558 0.004732
14975 0.004675
15754 0.004766
15755 0.004716
14944 0.004718
14500 0.004478
15254 0.00473
14880 0.004632
14719 0.00461
14842 0.004656
15487 0.004867
14700 0.004614
15591 0.004634
15768 0.004746
16241 0.004615
14391 0.004634
15765 0.004746
17626 0.004678
15443 0.004509
15353 0.00469
15022 0.004686
15699 0.004732
15546 0.004834
15301 0.005437
15689 0.004616
14958 0.004536
17052 0.005011
15490 0.004836
17545 0.004714
