3 6e-06
2 6e-06
3 6e-06
2 6e-06
2 6e-06
2 6e-06
2 5e-06
3 6e-06
3 7e-06
2 7e-06
8 1.2e-05
7 9e-06
10 1.1e-05
4 8e-06
10 1.2e-05
5 9e-06
7 9e-06
4 9e-06
7 9e-06
5 8e-06
12 1.3e-05
16 1.2e-05
14 1.4e-05
7 1.6e-05
14 3.4e-05
8 1.2e-05
7 1.1e-05
7 1.2e-05
20 1.6e-05
16 2.6e-05
22 1.6e-05
13 1.4e-05
11 2.9e-05
20 1.6e-05
68 3e-05
24 1.8e-05
11 1.9e-05
22 1.5e-05
11 1.5e-05
10 1.4e-05
33 2.3e-05
12 1.5e-05
14 1.5e-05
16 1.3e-05
32 2.2e-05
30 2.2e-05
81 3.6e-05
32 2.3e-05
34 2.3e-05
29 1.9e-05
69 3.3e-05
113 4.7e-05
68 3.1e-05
56 2.5e-05
17 1.7e-05
22 2e-05
51 2.6e-05
16 1.9e-05
39 2.3e-05
40 2.5e-05
29 2.9e-05
82 3.6e-05
20 1.9e-05
58 3.6e-05
55 2.7e-05
64 3.5e-05
90 3.9e-05
24 2.2e-05
19 2e-05
50 2.9e-05
84 3.8e-05
59 3.1e-05
105 4.4e-05
29 2.3e-05
31 2.4e-05
96 4.1e-05
36 2.9e-05
41 2.4e-05
66 3.5e-05
32 2.5e-05
139 5e-05
94 3.8e-05
25 2.2e-05
123 4.4e-05
96 4.3e-05
114 4.5e-05
86 3.8e-05
60 3.6e-05
56 3.2e-05
447 0.000141
244 0.000109
72 5.4e-05
94 3.6e-05
66 3.7e-05
28 2.5e-05
100 4.4e-05
344 0.000119
112 4.6e-05
84 3.3e-05
137 5.4e-05
142 5.1e-05
61 3.8e-05
36 3.1e-05
62 3.7e-05
126 4.4e-05
142 5.8e-05
503 0.000173
42 3.4e-05
140 4.9e-05
33 3.1e-05
190 7.5e-05
109 5e-05
162 6.1e-05
1090 0.000372
92 4.4e-05
1099 0.000281
197 7.2e-05
154 5.4e-05
227 6.9e-05
183 6e-05
699 0.000211
137 5.3e-05
45 3.4e-05
61 3.8e-05
180 5.8e-05
136 5.2e-05
205 6.6e-05
136 5.8e-05
197 6.9e-05
124 4.9e-05
145 5.9e-05
130 5.6e-05
174 5.5e-05
377 0.000129
44 3.4e-05
556 0.000194
111 4e-05
118 5.6e-05
194 7.1e-05
39 3.5e-05
182 6.7e-05
46 3.6e-05
281 0.000102
129 6.2e-05
40 3.4e-05
52 3.8e-05
986 0.000308
346 0.000118
83 3.7e-05
60 4e-05
56 4.4e-05
183 0.000107
532 0.000174
246 8.6e-05
362 0.000127
62 4.2e-05
70 4.7e-05
46 3.6e-05
340 0.000124
266 8.5e-05
64 4.3e-05
222 8.5e-05
1469 0.00044
134 5.5e-05
192 6.4e-05
239 8.5e-05
278 9e-05
812 0.000297
272 8.3e-05
502 0.000181
184 7.7e-05
255 8.4e-05
313 0.00013
457 0.000152
472 0.000123
174 8.2e-05
208 7.9e-05
51 3.8e-05
110 6.2e-05
1575 0.000511
671 0.000229
917 0.000284
384 0.000121
328 0.000114
583 0.000175
222 0.000112
75 3.1e-05
101 4.9e-05
248 7.9e-05
304 0.000106
584 0.000222
1115 0.000351
380 0.000119
303 0.000103
148 6.1e-05
55 4.4e-05
973 0.000413
1368 0.000457
193 8.1e-05
1779 0.000621
1082 0.00031
134 6.5e-05
83 5.5e-05
681 0.000232
850 0.00029
212 0.000111
598 0.000207
292 0.000101
523 0.000162
132 6.4e-05
1151 0.000416
141 6.8e-05
1638 0.000543
136 6.1e-05
516 0.000156
1908 0.000651
666 0.000232
1106 0.0004
552 0.000179
303 0.000101
363 0.000121
1007 0.000343
490 0.000145
443 0.000191
310 0.000106
496 0.000169
399 0.000151
1247 0.000433
393 0.000161
340 0.000119
1064 0.000469
3059 0.00091
213 8.8e-05
1337 0.000461
344 0.000282
268 0.0001
695 0.0003
1948 0.0008
537 0.000165
1623 0.000574
245 0.000101
388 0.000218
929 0.000326
375 0.000127
685 0.000194
2328 0.000876
2102 0.001003
2070 0.000823
1406 0.000503
681 0.000212
337 0.000118
4435 0.001147
327 9.7e-05
901 0.000318
297 0.000109
1071 0.000386
772 0.000196
142 6.9e-05
351 0.000117
420 0.000134
454 0.000361
628 0.000187
2978 0.00091
1770 0.001648
2170 0.000707
2291 0.000791
370 0.000141
3488 0.000929
98 6.8e-05
349 0.00012
826 0.000235
538 0.000165
521 0.000163
2483 0.000862
1881 0.000691
3725 0.001081
158 8.7e-05
611 0.000168
721 0.000215
2987 0.001008
2549 0.000862
705 0.00027
2222 0.000542
1433 0.000478
658 0.000193
456 0.000137
646 0.000169
409 0.00012
140 7.6e-05
788 0.000218
4930 0.00207
344 0.00013
147 7.9e-05
547 0.000169
859 0.000306
749 0.000231
182 8.4e-05
675 0.000308
766 0.00024
708 0.00021
3493 0.001201
1244 0.000372
870 0.000236
336 0.000119
2305 0.000766
1440 0.000488
1588 0.000565
1269 0.001545
5256 0.002059
5589 0.001583
1237 0.000354
2526 0.000853
364 0.000218
154 8e-05
3809 0.001154
2668 0.000761
2698 0.000989
4283 0.00144
1406 0.000502
156 9.1e-05
1756 0.000586
623 0.000199
2672 0.000964
2682 0.000867
3324 0.001624
352 0.000138
6139 0.001701
2588 0.00089
2029 0.000674
938 0.000315
199 9.8e-05
3951 0.001099
2426 0.000785
2123 0.000803
930 0.000253
4281 0.00129
1754 0.000674
2758 0.000899
4638 0.001943
1707 0.000586
307 0.000133
166 8.5e-05
400 0.00012
4529 0.001447
1622 0.00043
1020 0.000387
1571 0.000412
7352 0.001915
1382 0.000417
1461 0.000647
3411 0.001264
3501 0.001374
242 0.000107
3986 0.001342
355 0.000139
4757 0.001496
160 9.7e-05
700 0.000221
2149 0.00075
4608 0.001465
595 0.000208
1309 0.000376
5031 0.001526
414 0.00012
3600 0.001365
2952 0.000959
2429 0.000853
2475 0.000857
6708 0.002063
525 0.00017
2257 0.00079
5464 0.001861
1419 0.000423
4245 0.00157
7419 0.002003
1023 0.000576
687 0.000222
653 0.000206
2700 0.000921
3649 0.001297
1706 0.000478
3721 0.001256
6211 0.001558
815 0.000265
2773 0.001056
811 0.000283
586 0.000209
4224 0.001363
943 0.000314
1809 0.0007
3245 0.001508
1098 0.000314
5463 0.002092
975 0.000243
4931 0.001898
1375 0.000489
2982 0.000749
6040 0.002023
8270 0.002461
2634 0.000863
3721 0.001213
6219 0.002367
2478 0.000885
3456 0.00114
7235 0.001876
5844 0.002094
1933 0.000707
5762 0.001527
8157 0.002366
2028 0.000568
4433 0.001556
6466 0.002042
3894 0.001211
3767 0.001362
882 0.000318
2549 0.000921
1837 0.000498
482 0.000129
4535 0.001527
4858 0.001776
6726 0.002319
1767 0.000469
166 9.3e-05
1691 0.000565
4611 0.001568
2135 0.000717
2844 0.001001
994 0.000311
3440 0.001277
1962 0.000514
6123 0.001824
688 0.000227
2265 0.000624
1525 0.000391
1506 0.000424
7256 0.00203
5198 0.001675
2406 0.00081
3089 0.001068
8049 0.002809
5859 0.001525
12441 0.003456
9951 0.002898
8396 0.002608
1036 0.000258
7218 0.002396
1167 0.000341
8547 0.00242
5118 0.001832
4392 0.001561
1275 0.000483
1382 0.000568
9815 0.003195
3664 0.001367
13921 0.003946
6792 0.002216
6241 0.002132
141 8.2e-05
6141 0.001952
6399 0.002396
7704 0.002862
5145 0.001813
5084 0.001834
949 0.000304
3544 0.001295
9337 0.003377
1235 0.000332
932 0.000289
10583 0.003163
5612 0.001682
5280 0.001643
4522 0.00158
3834 0.001336
2924 0.000862
10167 0.003275
1907 0.000536
5179 0.001907
3891 0.001526
2203 0.000576
5411 0.001746
195 9.2e-05
1632 0.000424
8793 0.003201
2893 0.001052
2413 0.000644
7829 0.002084
1244 0.000358
14368 0.003817
6054 0.001682
6565 0.002382
12042 0.003952
4021 0.001397
8489 0.002815
7985 0.002557
4342 0.001283
5822 0.001278
2170 0.000751
647 0.000228
3402 0.00096
5034 0.001574
8433 0.002614
9759 0.003111
3447 0.001176
6078 0.002197
9666 0.003152
4959 0.001917
1752 0.000495
3566 0.00131
267 0.000117
7478 0.002842
5310 0.001888
952 0.000278
4542 0.001584
7534 0.002238
3225 0.000974
14393 0.005076
10393 0.002763
307 0.000128
4250 0.001485
8808 0.002649
915 0.000274
1881 0.000598
3163 0.00127
10353 0.003178
4559 0.001236
4903 0.002074
4741 0.001607
11194 0.002984
5082 0.0016
3296 0.001113
6986 0.002428
6455 0.002269
10961 0.003957
2505 0.000692
10146 0.002897
11107 0.002963
4587 0.001487
6064 0.002003
6963 0.002604
3687 0.001546
3497 0.001257
4995 0.001921
9188 0.002846
7388 0.002745
4716 0.001232
6995 0.002357
3515 0.001092
11682 0.00323
9165 0.002322
6250 0.002294
6271 0.002214
7359 0.002228
1796 0.000485
13500 0.004002
12744 0.004274
2033 0.000586
7246 0.002619
3895 0.001225
12241 0.003689
4208 0.001606
2245 0.000593
6539 0.002271
15488 0.004977
7404 0.002694
12328 0.003678
14988 0.005617
2752 0.000717
8457 0.003261
2764 0.000745
11124 0.0031
2400 0.000692
1486 0.000451
12771 0.004554
736 0.000256
5177 0.001567
11168 0.003656
5634 0.001762
6915 0.002447
7222 0.002688
12594 0.003473
2630 0.000701
2046 0.000508
6659 0.002168
9724 0.003231
2916 0.000801
16318 0.005521
1784 0.000613
5242 0.001905
11794 0.004471
6237 0.002425
4749 0.001831
7973 0.002653
11001 0.003593
1362 0.000374
17204 0.005568
7767 0.002661
10290 0.003727
4995 0.001847
14353 0.005312
12965 0.004049
5184 0.001989
12031 0.004081
7630 0.002517
1899 0.000609
8812 0.003029
8467 0.003128
1237 0.000349
4969 0.001655
9788 0.003171
4601 0.001311
7925 0.002593
8403 0.003005
1608 0.000449
17551 0.005713
170 0.000123
11120 0.004142
3055 0.001073
13975 0.003814
8859 0.003236
8003 0.002833
1621 0.00058
1376 0.000376
12641 0.004264
4155 0.001409
10746 0.003968
19802 0.005145
12903 0.004015
3989 0.001467
6228 0.002353
11935 0.004381
8681 0.002846
17035 0.004664
3388 0.000946
14534 0.005435
5921 0.00245
6464 0.002319
3278 0.001165
10510 0.003612
8299 0.003041
15714 0.004459
14778 0.004179
7179 0.002725
12948 0.00405
10327 0.003773
6855 0.002239
6065 0.002619
6119 0.002164
1740 0.000553
15046 0.006311
15284 0.005863
3734 0.002442
2289 0.000712
4980 0.001838
7978 0.002722
3285 0.001272
3193 0.001057
12751 0.004821
17184 0.006002
19268 0.00549
22290 0.008359
10190 0.004276
5320 0.001988
10856 0.004007
9231 0.003446
11209 0.003753
9011 0.003465
10729 0.003567
5033 0.002149
1126 0.000379
3529 0.001275
15573 0.004804
7084 0.002373
22644 0.006362
7049 0.002596
3681 0.001412
9736 0.003728
6280 0.001684
13354 0.004285
6044 0.002335
2979 0.000934
13097 0.005012
11524 0.004365
8270 0.003016
3196 0.001113
3431 0.001293
11930 0.004242
3522 0.000896
6018 0.002011
5598 0.003298
15735 0.00722
2918 0.001063
9894 0.002567
2830 0.000856
1935 0.000519
1469 0.000409
7313 0.002932
8258 0.003258
7626 0.003416
891 0.000297
2729 0.000895
8835 0.003249
12899 0.004881
4419 0.001319
14899 0.004351
9845 0.00322
14262 0.003826
6173 0.002012
15297 0.004232
14407 0.005248
7068 0.002593
20345 0.006205
5965 0.002446
8876 0.003638
16173 0.00463
6501 0.004038
9297 0.003239
234 0.000143
7068 0.00268
16965 0.00539
16781 0.005032
13910 0.005139
6185 0.002437
8461 0.003212
16951 0.005757
12151 0.004494
13849 0.005179
4859 0.0018
13833 0.004998
8223 0.003017
25718 0.007615
13454 0.004743
7976 0.002912
12517 0.004045
14419 0.004797
15679 0.005872
17098 0.005822
6950 0.002648
10825 0.003707
17453 0.005175
6299 0.001532
1178 0.000344
22197 0.006316
12580 0.004665
19647 0.005182
15966 0.005196
19202 0.006858
4173 0.00112
2652 0.000905
8287 0.002544
11676 0.004204
7090 0.001815
20323 0.006944
5986 0.001976
18519 0.005315
10670 0.0037
16768 0.006671
9673 0.003672
9012 0.003414
16300 0.005641
9340 0.003624
6222 0.002298
16840 0.00637
8484 0.003037
4693 0.001481
11681 0.003224
6626 0.002599
4941 0.001785
5288 0.001951
7148 0.002745
8880 0.003426
15104 0.0047
22102 0.005853
6750 0.002002
10420 0.003983
15603 0.005792
11912 0.00475
6124 0.002882
8329 0.003525
4565 0.001318
7802 0.002129
23441 0.007773
23903 0.007991
21257 0.008116
15154 0.004898
22118 0.007696
20095 0.006066
12008 0.004134
21356 0.006104
27934 0.007523
7024 0.002173
8165 0.002928
23085 0.006147
8963 0.003633
6676 0.002646
10190 0.003759
28005 0.008351
1033 0.000309
11916 0.004456
16910 0.00538
26824 0.007454
35282 0.010287
8102 0.002954
27488 0.009189
20510 0.005515
6825 0.002617
7325 0.001917
6962 0.00249
12468 0.0037
35550 0.010597
8711 0.002394
9991 0.002751
23031 0.008057
19578 0.006494
11958 0.003866
11109 0.004077
20560 0.007427
9384 0.003689
6515 0.00232
19684 0.007297
14718 0.004881
19760 0.006693
17036 0.006161
12618 0.003216
18247 0.007679
1765 0.000587
26801 0.007742
5909 0.002403
8675 0.003109
9855 0.00354
20866 0.006578
5650 0.001959
19794 0.007365
7643 0.002502
8257 0.003361
19640 0.007102
36655 0.009664
5773 0.001924
15201 0.005141
17734 0.006558
11366 0.002828
22974 0.00758
17250 0.006749
34889 0.009562
5344 0.001924
7505 0.003049
22497 0.006763
19701 0.004972
10976 0.003725
23666 0.007701
20606 0.008206
30091 0.00882
30832 0.010662
25432 0.007126
16931 0.00627
21096 0.008247
19269 0.007686
11551 0.004653
7118 0.003018
5823 0.002358
31324 0.008913
18743 0.006411
10513 0.003496
34985 0.012935
40667 0.012619
34160 0.012238
11263 0.004409
34467 0.011598
9911 0.003398
28085 0.010166
8783 0.00279
46591 0.012837
27162 0.009523
36459 0.010904
35860 0.011858
12687 0.003696
36528 0.011024
11377 0.003723
2700 0.000924
13107 0.005316
8513 0.003195
20697 0.008133
19251 0.006089
21809 0.007047
14202 0.003856
25101 0.009464
12273 0.003893
24922 0.007431
21048 0.006602
16033 0.005583
28785 0.008168
23512 0.008241
19852 0.007506
35423 0.011888
30997 0.008862
20996 0.007738
19322 0.006422
7670 0.002107
35398 0.011454
33295 0.010896
8261 0.002729
10491 0.007586
16860 0.005945
29369 0.010934
12792 0.004961
11624 0.003262
18864 0.00678
35531 0.011965
27259 0.01045
25665 0.009015
1087 0.000326
27863 0.010894
26959 0.010042
27505 0.009816
37678 0.012041
17914 0.005992
23487 0.007747
10046 0.002831
11412 0.004074
21866 0.006674
8693 0.003551
23740 0.007129
9821 0.00395
15005 0.005955
21836 0.007204
10601 0.00388
39066 0.011514
22680 0.008814
24099 0.008522
32964 0.011768
34808 0.013634
50710 0.013319
17672 0.006
25117 0.008801
21941 0.007029
20128 0.006844
9298 0.00351
29168 0.009374
27306 0.010532
48767 0.014318
17765 0.00554
24474 0.008985
18466 0.006765
33240 0.010137
49580 0.013168
16055 0.004623
27065 0.008424
16229 0.006098
8236 0.002594
21537 0.007869
25482 0.009938
15514 0.005313
23668 0.008265
30046 0.008773
23065 0.008759
26713 0.007272
46872 0.014183
16889 0.008546
26679 0.010694
34795 0.011281
28878 0.008547
25785 0.007132
21919 0.008752
19463 0.006979
26238 0.008857
20582 0.007226
39891 0.012317
44190 0.013073
9944 0.003814
10217 0.003008
20675 0.008026
32228 0.012422
31309 0.0114
23380 0.008883
18798 0.00644
12170 0.005099
24640 0.00876
25299 0.009368
51073 0.014589
38503 0.013205
25589 0.007538
48654 0.013942
44153 0.012229
27613 0.00953
35998 0.012148
23854 0.009531
37121 0.013906
27844 0.009028
40200 0.012846
47741 0.014404
27575 0.009162
48037 0.014895
31837 0.010739
33567 0.013439
27676 0.010034
47204 0.013689
12068 0.004023
25688 0.010094
48166 0.015678
28935 0.010349
28815 0.007989
34695 0.013306
45817 0.012719
11511 0.004051
43114 0.013925
14558 0.005354
40821 0.01251
41857 0.014453
27462 0.01015
46537 0.013649
24023 0.006408
47497 0.015943
28871 0.010463
35719 0.01041
14573 0.004691
40798 0.01192
49998 0.023334
19123 0.007202
27475 0.01034
48139 0.014428
26231 0.011031
16918 0.006042
24488 0.007029
30719 0.01218
34103 0.013853
13945 0.004846
26744 0.009889
45040 0.012885
61138 0.014992
11061 0.004202
38327 0.011706
32304 0.009493
28724 0.011753
26711 0.007078
40349 0.011751
33637 0.012425
42357 0.013172
49849 0.017679
61575 0.017325
57199 0.01532
16595 0.005866
28677 0.011348
12955 0.004023
14865 0.0051
29751 0.011901
31599 0.010581
18060 0.004394
46643 0.016144
37779 0.011895
24140 0.006535
39134 0.012762
38506 0.012201
52061 0.019737
22613 0.006505
41381 0.014841
34221 0.013342
35671 0.011705
44450 0.014375
26150 0.007502
33419 0.010249
41088 0.017516
42503 0.012063
17141 0.006172
21216 0.008656
28284 0.012233
42797 0.011259
33897 0.013917
23024 0.007428
55748 0.016737
49183 0.016454
40348 0.01473
40301 0.013175
31541 0.010302
30476 0.012681
26998 0.007377
21504 0.007202
15814 0.004208
45741 0.015885
36962 0.012284
27395 0.009869
26691 0.009288
30969 0.011006
49681 0.015731
32968 0.012844
36211 0.012349
52572 0.014484
28260 0.00939
23640 0.00923
25489 0.008963
42751 0.015708
31404 0.011563
37580 0.012887
36548 0.011112
24806 0.007887
55740 0.016387
34305 0.013458
24735 0.006959
34968 0.013464
35977 0.010272
26197 0.00815
36449 0.01046
67409 0.01663
31423 0.012137
30651 0.013
35074 0.01365
24024 0.009181
59218 0.017203
28379 0.009402
40271 0.011206
46332 0.01553
56385 0.019787
45911 0.0135
49507 0.016085
36643 0.010921
14791 0.004988
60808 0.016243
29090 0.008692
16690 0.005908
30329 0.0098
35154 0.013755
42947 0.0119
47271 0.016865
54765 0.016338
34005 0.010211
58919 0.016459
42305 0.015849
44020 0.01234
63246 0.016968
33838 0.010421
40839 0.011542
39459 0.014628
25212 0.008778
62278 0.017253
47046 0.014495
40127 0.012
51405 0.016552
39909 0.015498
51904 0.017809
62249 0.018072
57959 0.016
32083 0.01099
29205 0.009598
67154 0.018832
30288 0.010269
57973 0.016803
60025 0.017379
59262 0.021035
54293 0.01889
31214 0.008774
33527 0.011311
39688 0.011951
25176 0.006705
51864 0.017175
30877 0.008571
48775 0.014888
50753 0.019825
50097 0.019936
21568 0.008829
72564 0.020192
40337 0.014972
38841 0.011337
18292 0.007013
44959 0.014398
62515 0.018419
47472 0.01293
60560 0.016612
29900 0.009595
49431 0.01643
36926 0.014703
31999 0.010251
59464 0.018684
27608 0.007929
47984 0.017218
41599 0.016984
37623 0.013685
27789 0.00774
30900 0.009183
41668 0.016597
57880 0.017838
67018 0.016543
52603 0.016811
62229 0.017037
31816 0.009042
50855 0.015134
32002 0.011417
19683 0.007793
61682 0.018207
32554 0.0114
48858 0.015142
30296 0.00934
19827 0.00556
56657 0.015854
37873 0.011256
44826 0.015082
44542 0.018601
30477 0.009979
47489 0.017852
45741 0.013702
35647 0.011257
63702 0.017953
29817 0.00963
39234 0.0122
59701 0.019786
52630 0.014679
56671 0.018027
57186 0.017122
49395 0.018508
60130 0.018761
33022 0.009599
51736 0.017337
41358 0.017151
38677 0.01132
24486 0.006622
41169 0.013597
53355 0.016785
75585 0.019866
45675 0.0134
46187 0.018579
43058 0.014838
34562 0.012666
55534 0.021451
54554 0.018059
32131 0.010715
35418 0.010786
58743 0.02194
42060 0.013609
65287 0.019617
31176 0.009031
33646 0.008989
66511 0.019269
34694 0.008984
55075 0.016075
71203 0.021231
34806 0.010418
70572 0.020785
55936 0.017075
62852 0.017394
47227 0.015223
30280 0.009194
32883 0.009418
42599 0.013655
33047 0.00991
50050 0.017658
52190 0.017669
38615 0.014278
29865 0.009193
37094 0.010938
55227 0.015442
61393 0.021906
65747 0.019585
68255 0.018146
52666 0.019665
24834 0.00723
54495 0.017818
27760 0.00974
53530 0.017653
36470 0.01082
49907 0.02043
48043 0.015655
61198 0.02295
67593 0.021144
31181 0.010123
71092 0.02004
43468 0.014116
65986 0.017886
32605 0.009527
51271 0.020813
27280 0.007477
67055 0.019718
62744 0.020569
52050 0.021065
27780 0.007347
37998 0.01042
47469 0.016557
31578 0.008888
72733 0.020224
44830 0.014765
40922 0.013125
69570 0.017424
72485 0.020734
46155 0.013243
74056 0.018434
51321 0.016016
35532 0.010757
63201 0.017859
68977 0.020684
80582 0.020696
46507 0.016191
49596 0.019589
68627 0.019583
64881 0.019319
68157 0.018586
48144 0.016187
63570 0.019807
70573 0.020864
38802 0.011713
76879 0.022167
35430 0.010407
52278 0.01701
55493 0.02101
70464 0.01962
52379 0.015399
48892 0.015631
48253 0.015159
30796 0.010393
50546 0.015539
71821 0.018835
69610 0.02006
36593 0.009848
53097 0.021205
65998 0.01953
57086 0.017529
59063 0.016142
74390 0.020526
60277 0.018933
37732 0.011854
55505 0.01636
65025 0.020926
64847 0.018932
54874 0.019735
52607 0.017604
69585 0.022842
70593 0.019054
65103 0.01796
75380 0.01893
67985 0.020046
51830 0.016827
57696 0.021881
69300 0.019427
37415 0.010546
54381 0.019763
55936 0.016905
61065 0.02036
49316 0.016423
63409 0.01751
35867 0.010359
72944 0.019839
52009 0.015288
51909 0.019909
60937 0.02222
29068 0.009078
49794 0.015253
65514 0.021778
55428 0.021568
49575 0.016672
57281 0.018828
67932 0.022245
54872 0.019068
72119 0.022337
51253 0.016843
80578 0.021503
49801 0.01638
53095 0.018727
38858 0.012177
41409 0.012666
42608 0.012808
69988 0.022712
64918 0.022275
35113 0.010378
50667 0.014435
51139 0.01744
68733 0.021797
72283 0.02352
53364 0.022489
51090 0.017789
65460 0.022317
37462 0.011066
50010 0.018199
78138 0.023924
53170 0.018379
37264 0.009898
61639 0.019144
52623 0.021031
41756 0.012746
69267 0.020802
50174 0.01544
40378 0.012725
70740 0.021855
66085 0.021425
81575 0.022515
64229 0.017292
39190 0.010901
48556 0.016085
41710 0.013186
58970 0.020024
38448 0.011935
76292 0.021615
64478 0.017835
68832 0.022988
70361 0.020099
70774 0.021182
54649 0.024842
78718 0.02198
76165 0.019482
73679 0.016248
43394 0.013166
38721 0.011247
60991 0.019657
73039 0.020461
54035 0.016977
39084 0.012901
64483 0.021188
64773 0.021036
36812 0.011609
76778 0.023775
63233 0.017182
77817 0.021881
49656 0.014803
68030 0.021019
37280 0.009893
51658 0.02074
65819 0.020873
67718 0.019973
69246 0.021708
46326 0.015318
39509 0.012005
50609 0.015606
55352 0.018491
72073 0.021496
72504 0.022529
70089 0.023532
58519 0.021329
65290 0.024385
41012 0.012572
43885 0.014039
71891 0.022615
64451 0.021579
44349 0.013695
68973 0.022276
57355 0.019077
41964 0.012869
60987 0.020053
70394 0.022177
39533 0.012398
67897 0.022623
75182 0.017804
65190 0.021267
61355 0.019951
71413 0.023472
82639 0.024746
55905 0.018122
78414 0.023628
69538 0.019999
39294 0.01232
82629 0.023544
42703 0.013977
66578 0.02106
52297 0.017635
80083 0.024103
55240 0.020153
59029 0.01922
39377 0.010417
85572 0.0219
60581 0.019866
69066 0.022104
59490 0.019416
54896 0.017689
68901 0.022486
54096 0.017761
36385 0.011291
51982 0.016889
78353 0.024731
71581 0.024412
71873 0.021641
40852 0.012267
55167 0.014661
77082 0.023729
39685 0.012441
80367 0.024887
40104 0.011106
50833 0.016044
73857 0.019743
79535 0.023018
45699 0.013421
61835 0.018641
85526 0.02279
74614 0.021174
58125 0.01882
55990 0.018489
77004 0.023977
48567 0.016104
50444 0.015114
59622 0.022869
46748 0.014625
72167 0.017967
73441 0.024524
68022 0.024181
70603 0.01893
86181 0.022838
75042 0.018783
59467 0.021875
62279 0.021253
64615 0.0254
88271 0.025145
80017 0.024807
78702 0.025952
60207 0.020603
74475 0.020295
86476 0.026558
86720 0.022125
47657 0.015798
86250 0.028196
62561 0.021233
39241 0.012144
64749 0.021417
50170 0.016502
51642 0.017168
63436 0.024032
71558 0.022398
41976 0.011701
79874 0.024573
84105 0.027767
71743 0.025213
79735 0.026078
80515 0.024683
72490 0.022989
56492 0.019066
75014 0.023512
43137 0.01352
75620 0.022316
67956 0.020106
74894 0.025057
64695 0.022317
56859 0.019917
85228 0.027008
87835 0.027308
40820 0.012581
75114 0.026797
80991 0.026587
41061 0.013635
80958 0.023175
48687 0.014322
77175 0.029133
64040 0.020588
74323 0.026521
57388 0.018383
53185 0.017119
73132 0.01897
53707 0.018828
60604 0.020161
62930 0.021243
62106 0.020058
90144 0.028974
75449 0.023424
54600 0.020679
90379 0.029434
61599 0.023433
88542 0.024417
49603 0.016124
83781 0.020467
63491 0.021905
70313 0.019815
83582 0.025141
64596 0.023466
88388 0.033778
87911 0.029957
89741 0.028757
55543 0.018919
54608 0.018492
59083 0.018741
76314 0.026219
56004 0.018168
77379 0.024849
61519 0.020639
58516 0.02004
70240 0.023151
72138 0.024506
70244 0.025555
76145 0.02346
82999 0.026988
77689 0.019921
72589 0.017626
90254 0.028865
83963 0.01989
74452 0.027784
87438 0.022566
78786 0.02588
78022 0.02421
84062 0.021764
83169 0.023232
76203 0.023534
88547 0.027238
82828 0.027536
91337 0.029467
88139 0.026705
77037 0.025662
96111 0.031602
85491 0.026876
47677 0.015385
78066 0.025419
67878 0.023474
47488 0.01602
70349 0.022384
75803 0.025933
86270 0.022677
73529 0.024915
68944 0.018565
92538 0.028241
71510 0.025092
94290 0.031273
80148 0.019713
83028 0.027259
69673 0.022779
75441 0.025677
81371 0.024099
90295 0.030192
75876 0.02549
59763 0.019971
88015 0.02915
47568 0.01605
79860 0.024567
80525 0.025249
53962 0.017959
55291 0.016993
84256 0.026792
87289 0.025198
85571 0.028518
72204 0.022873
87518 0.026647
83450 0.024409
69947 0.0247
68253 0.023618
69966 0.022821
87520 0.023194
52954 0.017231
80563 0.024109
59795 0.021213
78706 0.026758
71125 0.024488
65167 0.022739
78302 0.028274
89097 0.026108
82210 0.026434
88877 0.024275
94472 0.031134
70712 0.024838
80253 0.024594
80256 0.02733
78706 0.027256
70710 0.023309
62217 0.021061
70672 0.024161
73070 0.02572
87261 0.023667
87360 0.024654
63483 0.022291
84934 0.026946
89783 0.027816
50415 0.01657
79791 0.028217
61865 0.021108
84981 0.023167
91304 0.030688
90833 0.032038
91904 0.030034
89539 0.029455
73733 0.026341
88100 0.023752
57496 0.020463
77307 0.027332
81750 0.029428
78267 0.020354
60383 0.020086
93573 0.030652
54759 0.0192
83926 0.029595
62154 0.020452
91434 0.028084
88207 0.024173
68197 0.023089
78236 0.026426
78951 0.019633
88082 0.021824
86935 0.022824
77205 0.020097
65600 0.018837
91026 0.027383
84767 0.026371
91648 0.028864
74629 0.022877
91079 0.028495
74866 0.026438
73860 0.027174
79632 0.02626
74035 0.024202
86204 0.023004
85949 0.025272
87248 0.027187
94382 0.025811
83189 0.030485
88809 0.023552
77787 0.028223
83834 0.03084
88665 0.026103
86810 0.028035
91742 0.029113
72678 0.02027
95424 0.031274
71859 0.025508
95383 0.032162
90331 0.030668
59162 0.019808
78803 0.025181
90769 0.031128
87988 0.027864
62610 0.021536
94940 0.031521
84650 0.029764
81099 0.021904
90292 0.026851
93896 0.029471
71233 0.018146
74618 0.019272
87386 0.024645
88599 0.023246
84829 0.023012
79128 0.028246
86834 0.022215
88387 0.027049
76673 0.028577
96849 0.031978
89545 0.024406
93531 0.032572
79557 0.029528
93455 0.028961
87836 0.024804
82024 0.02584
66506 0.02378
88391 0.028401
94047 0.031352
79812 0.026806
85762 0.030143
94961 0.030365
77885 0.02677
89585 0.030201
87925 0.022591
69817 0.024825
88023 0.025491
89733 0.028892
64957 0.019666
70805 0.018361
88947 0.021185
86649 0.032824
71899 0.020586
83645 0.029635
84062 0.030068
83958 0.031031
85413 0.024019
89260 0.024053
58167 0.019369
64715 0.023099
88458 0.024905
91917 0.027575
79027 0.023164
90082 0.021527
85589 0.021972
89337 0.030699
83696 0.030917
88827 0.022437
89401 0.021487
83719 0.022279
89454 0.0235
87936 0.03089
88889 0.020283
88149 0.024977
90015 0.027894
90013 0.02627
80988 0.028051
93213 0.027307
89322 0.029268
82434 0.023185
92715 0.030469
88370 0.026903
77079 0.020881
86481 0.029534
78650 0.019921
91094 0.026268
75627 0.019686
86263 0.028981
90181 0.029814
88631 0.023406
88137 0.027331
87176 0.024844
88151 0.026399
82062 0.028816
73344 0.025371
88764 0.025306
97356 0.034598
88807 0.025343
87870 0.023954
88549 0.025162
94349 0.028778
88956 0.024368
89178 0.021464
92113 0.029673
84936 0.031044
87189 0.0257
72582 0.018935
93971 0.029723
90421 0.025599
74677 0.020382
96236 0.031764
93299 0.029532
90256 0.024808
88914 0.02988
87569 0.024067
90615 0.026802
83394 0.026302
89522 0.02678
88548 0.022998
90706 0.026897
89586 0.023824
62858 0.021897
91291 0.028401
86385 0.031539
78050 0.020794
88701 0.021569
87972 0.02242
88911 0.029758
90293 0.026775
86195 0.031215
90391 0.0276
88284 0.025811
89493 0.030138
90734 0.026939
95067 0.031
93551 0.028874
90725 0.029599
91976 0.026816
93994 0.03192
89318 0.026888
92003 0.027715
90049 0.027512
90009 0.031263
90253 0.02005
95695 0.031325
90668 0.029395
89995 0.025039
90624 0.024376
92334 0.026651
77653 0.028729
87643 0.023902
89652 0.021669
91236 0.029524
90332 0.028451
90865 0.026975
88928 0.029142
89558 0.026001
89640 0.024952
89981 0.029135
88755 0.0258
88890 0.023924
93741 0.030338
90200 0.024995
93520 0.02632
89642 0.027344
91171 0.028487
94093 0.026745
89713 0.024276
94586 0.030626
89247 0.026394
91762 0.026766
88216 0.027345
92922 0.033441
91801 0.028358
90084 0.021997
90568 0.027979
88585 0.024089
89123 0.029166
88064 0.027125
96230 0.032603
90469 0.024657
86656 0.023429
90599 0.02169
93217 0.027011
90696 0.030005
93549 0.031114
91161 0.031848
77130 0.020666
91855 0.029724
91186 0.03174
93452 0.031339
92925 0.028918
92581 0.026064
92824 0.027113
92100 0.030383
93737 0.029468
92409 0.027867
92032 0.028627
90760 0.02416
90589 0.026664
88954 0.025498
95537 0.030888
92305 0.020989
88034 0.024663
95259 0.029999
89333 0.025041
92079 0.027296
91132 0.020642
93619 0.027237
90376 0.025927
89136 0.027807
73821 0.019693
92198 0.030606
74322 0.019788
78917 0.021712
90371 0.031942
89451 0.029198
90072 0.02909
93247 0.029501
89100 0.030131
92735 0.028974
77816 0.024148
92974 0.029722
89363 0.025275
92646 0.028841
89778 0.03
92885 0.031256
91805 0.02722
91669 0.034829
89245 0.025697
92606 0.030092
90294 0.031611
90805 0.030209
92918 0.029094
90183 0.028483
88996 0.024694
90180 0.026837
91378 0.021644
94016 0.030049
91023 0.028251
89357 0.023448
89783 0.024667
92139 0.027716
90540 0.029538
89511 0.026896
91974 0.029693
90489 0.025838
91282 0.026965
90704 0.026492
91727 0.026373
91335 0.024431
89267 0.026903
92455 0.025708
93287 0.028683
89328 0.028229
93426 0.028487
91263 0.022158
90354 0.022037
92135 0.027269
89727 0.029168
89441 0.024541
89672 0.027244
91657 0.029675
91792 0.031273
91839 0.026234
90431 0.026387
89598 0.02319
91420 0.027214
93346 0.028324
90548 0.026453
93710 0.030232
90596 0.028042
90115 0.029363
89266 0.02478
88896 0.024467
90992 0.024993
74643 0.021211
90875 0.029842
92652 0.026582
90828 0.025329
91752 0.02801
91851 0.026834
90249 0.02463
90862 0.030243
91340 0.027813
92061 0.028052
90838 0.026889
91675 0.024516
90541 0.024119
91855 0.02601
93737 0.02994
91765 0.030195
91460 0.026952
92389 0.028129
90256 0.027463
91510 0.030129
89531 0.024557
90858 0.025954
90510 0.026639
92279 0.025033
94877 0.029371
90437 0.024667
91017 0.029229
90316 0.027194
92563 0.02833
92770 0.026946
92635 0.025807
89767 0.025935
92122 0.030775
91438 0.01938
92676 0.030271
90191 0.026342
91433 0.029204
92739 0.028476
92497 0.026741
88065 0.023392
92275 0.02693
91894 0.030642
91413 0.030718
92837 0.028803
86055 0.024336
91961 0.02723
92381 0.026253
91824 0.028521
90626 0.028402
89562 0.028199
91941 0.030806
92431 0.026115
92812 0.030246
90530 0.026556
88677 0.025345
93492 0.028674
89046 0.025505
93982 0.028589
91022 0.029415
89242 0.023792
89726 0.028364
90396 0.025496
91525 0.027049
91907 0.026047
92329 0.027956
90028 0.026757
92944 0.026867
91122 0.029133
93429 0.028544
91383 0.028299
92600 0.027535
92887 0.026514
90233 0.029451
89856 0.028912
88671 0.026671
91713 0.02646
92713 0.02819
90048 0.025219
90786 0.025193
91745 0.031067
90948 0.025952
90380 0.027549
92295 0.026191
92592 0.029681
92819 0.026135
90863 0.023306
92730 0.028463
92233 0.027334
93779 0.029541
87398 0.023782
92422 0.027911
88999 0.024516
90698 0.019601
93576 0.029103
91465 0.028593
90819 0.025381
89277 0.023663
90525 0.027497
90749 0.028148
90760 0.022969
92054 0.031087
89611 0.024259
91737 0.025529
91493 0.022296
90405 0.028302
90562 0.026658
90813 0.023493
90621 0.02248
93782 0.029777
92451 0.026128
91106 0.02934
94592 0.030578
90864 0.023737
90376 0.024734
90459 0.022641
91211 0.021583
91308 0.022649
92011 0.027302
94088 0.029945
92808 0.026586
91912 0.025203
91364 0.022029
89491 0.02633
89181 0.024383
92099 0.027292
92492 0.028545
93651 0.030293
91344 0.026227
89615 0.024799
89315 0.026126
92526 0.026932
88687 0.024545
92352 0.026511
92217 0.02797
90734 0.028752
89248 0.025053
92490 0.025629
92425 0.027056
89703 0.027766
89818 0.022959
89745 0.02965
92502 0.030499
88975 0.025304
89505 0.0254
90459 0.02674
91486 0.023845
91175 0.024222
92237 0.027407
91708 0.025464
93601 0.032093
90288 0.026701
90432 0.026383
91194 0.032513
92073 0.029551
90450 0.027236
89687 0.024659
95262 0.033596
89880 0.026288
90478 0.027004
89337 0.026864
89226 0.026419
91977 0.022642
93067 0.026542
91314 0.023512
91388 0.023693
90670 0.019208
91961 0.029198
91024 0.023332
92141 0.026464
94318 0.028168
91377 0.030173
94188 0.027627
91742 0.025119
90903 0.024747
90435 0.02676
93559 0.02665
93983 0.028805
91939 0.025642
89100 0.025245
92729 0.026898
91689 0.02785
90682 0.022978
90402 0.022039
92902 0.024091
90376 0.022194
89740 0.022218
90282 0.02383
90549 0.027736
91983 0.024415
90771 0.023702
89962 0.025457
91436 0.026119
93018 0.029775
94094 0.03079
93001 0.028134
93155 0.027809
88983 0.025434
90741 0.025264
91191 0.024701
91535 0.026201
89486 0.025138
91240 0.024235
89784 0.028009
88888 0.026417
89588 0.024142
91854 0.025836
89057 0.0259
90317 0.023477
92468 0.023868
93326 0.026708
90474 0.022067
92110 0.023178
90812 0.023823
88978 0.025696
91512 0.025609
89950 0.028008
93344 0.026322
89809 0.024664
90718 0.021598
90423 0.025875
89788 0.026379
90533 0.02261
88880 0.025236
94018 0.027116
89461 0.027483
92917 0.028431
93106 0.027833
92109 0.028668
94760 0.029306
89615 0.025577
88932 0.026379
90041 0.029591
93271 0.027214
90194 0.023784
90685 0.028065
89218 0.025556
90699 0.024016
90376 0.021875
90467 0.021343
91140 0.025015
90670 0.023589
90649 0.030099
90510 0.022637
92267 0.027485
89083 0.02538
89066 0.026442
89937 0.027069
90734 0.023092
89475 0.026269
94852 0.02933
89192 0.02619
91940 0.022579
89542 0.025062
89853 0.025382
89853 0.025348
89602 0.028075
90758 0.026451
90655 0.022157
94593 0.028094
90456 0.022752
90886 0.020381
90785 0.020385
91712 0.025953
89907 0.022902
90553 0.022131
90349 0.022733
90278 0.023669
89969 0.02335
91636 0.022705
90874 0.026822
90356 0.022321
90987 0.024023
89001 0.026079
94694 0.030387
93655 0.027792
90748 0.022642
90731 0.021084
89589 0.024702
92246 0.025709
90416 0.022029
90981 0.023183
90574 0.022028
94840 0.02803
89866 0.024325
90119 0.024579
90089 0.025378
89010 0.025246
89606 0.025936
90360 0.021678
90531 0.021783
90415 0.02472
90538 0.022724
90744 0.020983
89141 0.026855
89722 0.026475
90931 0.023687
91100 0.022745
90628 0.021353
89971 0.02647
89119 0.027288
90946 0.025007
91000 0.022606
90575 0.023065
91079 0.022682
89365 0.023976
90704 0.023366
89447 0.024845
90133 0.026098
88866 0.026669
90543 0.020688
90498 0.022673
90973 0.022898
91674 0.025959
90978 0.024907
90382 0.024067
91910 0.022568
91439 0.022358
90585 0.023116
90664 0.023492
91160 0.025535
88983 0.026038
89750 0.024173
92038 0.022616
90622 0.023009
90129 0.02369
90779 0.02298
90471 0.02307
90595 0.023638
91849 0.022883
89806 0.024316
90925 0.02274
90446 0.022038
90807 0.023963
90589 0.023152
90105 0.023522
90721 0.022889
91635 0.024248
90430 0.022744
89697 0.023435
90314 0.022286
90888 0.022116
89637 0.024753
90370 0.02375
91104 0.023107
90846 0.026015
91148 0.022342
91081 0.02255
89715 0.024184
91350 0.024744
90958 0.022731
89954 0.024105
91278 0.023079
89946 0.023251
90520 0.023333
90146 0.023181
89668 0.023815
91029 0.023423
89497 0.023943
90243 0.022608
91081 0.029732
89264 0.027557
91568 0.02276
90728 0.022427
90163 0.025388
89775 0.023479
89452 0.024113
90606 0.023914
90931 0.022456
89808 0.024489
91329 0.023883
91378 0.021972
90359 0.021936
91145 0.022528
90368 0.022675
90471 0.022493
90644 0.024044
90558 0.023001
90166 0.023943
90742 0.02231
89603 0.023535
89819 0.024165
90379 0.022069
90868 0.02437
90444 0.021453
90284 0.022085
90341 0.02307
90120 0.023378
89596 0.023658
90851 0.022262
89559 0.024582
89595 0.024631
89966 0.023471
89713 0.023899
90801 0.022467
90110 0.023434
90606 0.023431
90509 0.023465
90313 0.023764
90411 0.023222
90216 0.022537
90467 0.022385
90155 0.023948
89932 0.022778
91187 0.022003
89915 0.023419
90322 0.023264
89550 0.024097
90978 0.021852
90504 0.022446
90382 0.023163
90402 0.022681
90769 0.022609
90968 0.02186
91207 0.024202
90498 0.0229
90511 0.023264
90672 0.023504
90548 0.023125
89740 0.023874
90588 0.023482
90527 0.023636
90887 0.022088
90676 0.023826
90892 0.023928
90303 0.023922
89452 0.024576
90365 0.02314
90332 0.023584
89868 0.023763
90348 0.022943
89575 0.023858
90689 0.022895
90430 0.022842
89745 0.024136
90302 0.02341
90481 0.02343
90694 0.023568
90048 0.023366
90362 0.023644
89980 0.02389
90426 0.023644
89796 0.024614
90617 0.022172
90603 0.022275
90627 0.022873
90447 0.023316
90489 0.023152
90492 0.023079
89808 0.023767
89862 0.024725
89784 0.023772
90688 0.023802
89670 0.023275
90584 0.023599
