0.004713 117 13 129 129 10 0 0 0 1 0 0
0.001164 22 8 26 26 7 0 0 1 0 0 0
0.003164 70 7 77 77 8 1 0 0 0 0 0
0.004036 49 32 80 80 9 0 0 1 0 0 0
0.000923 18 18 22 22 10 0 0 0 1 0 0
0.001169 11 10 21 21 8 1 0 0 0 0 0
0.00084 9 6 14 14 8 0 0 0 1 0 0
0.005101 120 79 199 199 9 1 0 0 0 0 0
0.007077 283 23 306 306 10 1 0 0 0 0 0
0.000902 85 8 91 91 10 0 0 0 0 0 1
0.00028 24 4 26 26 8 0 0 0 0 0 1
0.000402 32 5 36 36 8 0 0 0 1 0 0
0.001093 93 10 103 103 9 1 0 0 0 0 0
0.000975 102 13 114 114 10 0 0 0 1 0 0
0.000193 11 11 22 22 8 1 0 0 0 0 0
0.000882 98 10 108 108 9 1 0 0 0 0 0
0.001171 107 36 124 124 10 0 0 0 0 0 1
9.5e-05 7 3 10 10 7 1 0 0 0 0 0
0.000111 8 3 11 11 7 1 0 0 0 0 0
0.000759 37 10 42 42 10 0 0 0 0 0 1
0.000371 24 22 46 46 10 1 0 0 0 0 0
0.00051 63 8 31 31 9 1 0 0 0 0 0
0.001062 117 30 145 145 10 0 0 0 0 0 1
0.000847 112 15 127 127 9 1 0 0 0 0 0
0.00034 16 6 21 21 10 0 0 0 1 0 0
0.000848 99 13 112 112 9 1 0 0 0 0 0
0.000629 99 5 85 85 9 1 0 0 0 0 0
0.002063 137 40 177 177 9 1 0 0 0 0 0
0.000131 9 10 19 19 8 1 0 0 0 0 0
0.000114 3 5 8 8 7 1 0 0 0 0 0
