0.005809 540 6 545 545 10 0 0 0 1 0 0
0.000734 46 65 106 106 7 0 0 1 0 0 0
0.000357 52 32 81 81 8 0 0 0 0 0 1
0.001503 163 182 344 344 9 0 0 1 0 0 0
0.002978 568 65 632 632 10 0 0 0 1 0 0
0.000215 42 7 48 48 8 0 0 0 1 0 0
0.001079 124 134 146 146 8 0 0 0 1 0 0
0.002419 493 81 574 574 9 1 0 0 0 0 0
0.000499 97 21 106 106 10 0 0 0 1 0 0
0.003761 373 363 403 403 10 0 0 0 1 0 0
0.000485 109 5 113 113 8 0 0 0 1 0 0
0.000935 91 121 108 108 8 0 0 0 1 0 0
0.000504 62 58 119 119 9 0 0 1 0 0 0
0.00616 603 602 677 677 10 0 0 0 1 0 0
0.000312 53 18 69 69 8 0 0 0 0 0 1
0.001154 108 166 236 236 9 0 0 1 0 0 0
0.002191 462 58 519 519 10 0 0 0 1 0 0
0.000141 15 16 30 30 7 0 0 1 0 0 0
0.000199 28 16 41 41 7 0 0 1 0 0 0
0.003962 571 75 629 629 10 0 0 0 0 1 0
0.001261 145 151 226 226 10 0 0 0 1 0 0
0.000969 174 56 227 227 9 0 0 1 0 0 0
0.004751 498 434 538 538 10 0 0 0 1 0 0
0.001218 107 174 249 249 9 0 0 1 0 0 0
0.000574 125 13 137 137 10 0 0 0 0 1 0
0.000499 58 61 117 117 9 0 0 1 0 0 0
0.00158 197 166 349 349 9 0 0 1 0 0 0
0.0005 80 39 104 104 9 0 0 1 0 0 0
0.000363 47 37 73 73 8 0 0 0 1 0 0
5e-05 7 3 8 8 7 0 0 1 0 0 0
