0.009356 1038 294 1323 1323 10 0 0 0 1 0 0
0.000975 90 72 156 156 7 0 0 1 0 0 0
0.001927 256 197 453 453 8 1 0 0 0 0 0
0.005083 589 588 1031 1031 9 0 0 1 0 0 0
0.02315 3157 314 3451 3451 10 0 0 0 1 0 0
0.002291 174 56 177 177 8 0 0 0 1 0 0
0.003243 517 114 601 601 8 0 0 0 1 0 0
0.003763 298 278 549 549 9 0 0 1 0 0 0
0.009911 1957 99 2054 2054 10 0 0 0 1 0 0
0.019724 2801 450 3205 3205 10 0 0 0 1 0 0
0.001798 380 35 409 409 8 0 0 0 0 1 0
0.002128 471 39 500 500 8 0 0 0 0 1 0
0.004343 466 460 925 925 9 0 0 1 0 0 0
0.021192 3157 607 3698 3698 10 0 0 0 1 0 0
0.001387 187 125 211 211 8 0 0 0 1 0 0
0.005149 731 477 903 903 9 0 0 1 0 0 0
0.019205 3271 475 3743 3743 10 0 0 0 1 0 0
0.000586 87 49 120 120 7 0 0 1 0 0 0
0.000774 138 52 121 121 7 0 0 1 0 0 0
0.018556 3162 469 3627 3627 10 0 0 0 1 0 0
0.013105 2091 537 2603 2603 10 0 0 0 0 1 0
0.003258 453 286 736 736 9 0 0 1 0 0 0
0.019251 3217 390 3606 3606 10 0 0 0 1 0 0
0.003558 284 463 737 737 9 0 0 1 0 0 0
0.011902 1964 261 2220 2220 10 0 0 0 1 0 0
0.003283 260 460 719 719 9 0 0 1 0 0 0
0.004156 475 482 943 943 9 0 0 1 0 0 0
0.004926 587 477 1054 1054 9 0 0 1 0 0 0
0.001239 198 90 281 281 8 0 0 0 0 1 0
0.00087 190 16 206 206 7 1 0 0 0 0 0
