0.055966 1856 698 2509 2509 10 0 0 0 1 0 0
0.001853 137 82 200 200 7 0 0 1 0 0 0
0.002559 375 183 557 557 8 0 0 0 1 0 0
0.008503 685 655 1318 1318 9 0 0 1 0 0 0
0.03654 4480 802 5191 5191 10 0 0 0 1 0 0
0.004233 490 53 542 542 8 0 0 0 1 0 0
0.003397 657 92 748 748 8 0 0 0 1 0 0
0.00709 875 573 1305 1305 9 0 0 1 0 0 0
0.02748 4050 576 4618 4618 10 0 0 0 1 0 0
0.033059 4567 876 5259 5259 10 0 0 0 1 0 0
0.004397 612 209 734 734 8 0 0 0 0 1 0
0.003157 638 76 701 701 8 0 0 0 1 0 0
0.005975 647 657 1300 1300 9 0 0 1 0 0 0
0.033709 4605 1093 5394 5394 10 0 0 0 1 0 0
0.003871 489 282 697 697 8 0 0 0 0 1 0
0.010878 1587 647 2165 2165 9 0 0 1 0 0 0
0.032631 4447 1005 5121 5121 10 0 0 0 1 0 0
0.001971 375 78 330 330 7 0 0 1 0 0 0
0.00159 156 79 195 195 7 0 0 1 0 0 0
0.030413 4600 642 5240 5240 10 0 0 0 1 0 0
0.035908 4009 1549 5318 5318 10 0 0 0 1 0 0
0.006088 670 632 1261 1261 9 0 0 1 0 0 0
0.031086 4605 609 5213 5213 10 0 0 0 1 0 0
0.00632 652 567 1179 1179 9 0 0 1 0 0 0
0.033686 4352 1239 5412 5412 10 0 0 0 1 0 0
0.006312 614 657 1269 1269 9 0 0 1 0 0 0
0.007692 804 646 1357 1357 9 0 0 1 0 0 0
0.006327 729 646 1362 1362 9 0 0 1 0 0 0
0.004717 594 108 674 674 8 0 0 0 1 0 0
0.002592 283 179 462 462 7 1 0 0 0 0 0
