0.006059 117 121 129 129 10
0.000614 76 52 26 26 7
0.000339 70 7 77 77 8
0.002432 241 253 80 80 9
0.001268 161 145 22 22 10
0.0001 11 10 21 21 8
0.000434 50 55 14 14 8
0.000896 120 79 199 199 9
0.001616 283 23 306 306 10
0.000996 116 118 91 91 10
0.000258 31 30 26 26 8
0.000281 32 31 36 36 8
0.000453 93 10 103 103 9
0.001638 170 170 114 114 10
0.000133 11 11 22 22 8
0.000626 98 51 108 108 9
0.001066 107 141 124 124 10
5.1e-05 7 3 10 10 7
5.9e-05 8 3 11 11 7
0.001356 164 143 42 42 10
0.000201 24 22 46 46 10
0.000632 63 86 31 31 9
0.001023 117 122 145 145 10
0.00075 112 65 127 127 9
0.000163 16 20 21 21 10
0.000512 99 13 112 112 9
0.000672 99 63 85 85 9
0.000734 137 40 177 177 9
9e-05 9 10 19 19 8
4.8e-05 3 5 8 8 7
