0.020537 1742 996 545 545 10
0.004979 248 407 106 106 7
0.000427 52 48 81 81 8
0.013695 1129 1322 344 344 9
0.022235 1873 1851 632 632 10
0.001005 171 60 48 48 8
0.002843 324 321 146 146 8
0.002899 493 188 574 574 9
0.004495 735 305 106 106 10
0.024693 1558 1553 403 403 10
0.002692 347 166 113 113 8
0.002926 328 332 108 108 8
0.005091 548 543 119 119 9
0.024257 1872 1872 677 677 10
0.00045 53 46 69 69 8
0.009275 593 1199 236 236 9
0.022534 1815 1832 519 519 10
0.000966 118 122 30 30 7
0.001067 129 115 41 41 7
0.022682 1869 1860 629 629 10
0.008036 894 869 226 226 10
0.007934 1235 571 227 227 9
0.020966 1824 1766 538 538 10
0.007761 591 1256 249 249 9
0.007939 869 876 137 137 10
0.004761 543 583 117 117 9
0.010515 1262 1207 349 349 9
0.004103 531 462 104 104 9
0.001435 168 162 73 73 8
0.000162 32 5 8 8 7
