0.05871 2906 3929 1323 1323 10
0.007401 589 516 156 156 7
0.002073 256 197 453 453 8
0.060288 3058 3904 1031 1031 9
0.064916 4361 3853 3451 3451 10
0.003311 468 258 177 177 8
0.005874 649 648 601 601 8
0.020132 2095 2196 549 549 9
0.047558 3979 3038 2054 2054 10
0.05886 4272 4272 3205 3205 10
0.004879 580 468 409 409 8
0.005075 626 463 500 500 8
0.034473 3154 3158 925 925 9
0.061347 4385 4385 3698 3698 10
0.004021 470 380 211 211 8
0.026575 2177 3260 903 903 9
0.063026 4445 4416 3743 3743 10
0.00372 462 358 120 120 7
0.003094 359 364 121 121 7
0.064506 4378 4404 3627 3627 10
0.05254 3964 4043 2603 2603 10
0.026007 3102 2238 736 736 9
0.053942 4433 4248 3606 3606 10
0.026107 2097 3190 737 737 9
0.050074 3959 3933 2220 2220 10
0.026548 2072 3131 719 719 9
0.030599 3135 3261 943 943 9
0.033765 3238 3246 1054 1054 9
0.004475 463 536 281 281 8
0.001174 190 76 206 206 7
