0.072865 4169 4618 2509 2509 10
0.01393 657 641 200 200 7
0.008447 539 491 557 557 8
0.056077 4573 4579 1318 1318 9
0.06262 4620 4616 5191 5191 10
0.006108 646 604 542 542 8
0.005753 657 657 748 748 8
0.046636 3999 4050 1305 1305 9
0.060668 4600 4596 4618 4618 10
0.057205 4620 4620 5259 5259 10
0.005926 655 633 734 734 8
0.005808 657 628 701 701 8
0.052083 4451 4606 1300 1300 9
0.060857 4620 4620 5394 5394 10
0.006093 639 654 697 697 8
0.054921 4411 4500 2165 2165 9
0.060684 4618 4620 5121 5121 10
0.005353 657 595 330 330 7
0.005085 598 612 195 195 7
0.062145 4620 4618 5240 5240 10
0.057562 4588 4620 5318 5318 10
0.048807 4327 4386 1261 1261 9
0.058779 4620 4603 5213 5213 10
0.04599 4259 4038 1179 1179 9
0.058634 4618 4612 5412 5412 10
0.049361 4271 4610 1269 1269 9
0.05057 4424 4489 1357 1357 9
0.051487 4457 4467 1362 1362 9
0.005835 654 651 674 674 8
0.002369 283 269 462 462 7
